0.504333333333
0.116666666667
0.0956666666667
0.0956666666667
0.094
0.0943333333333
0.095
0.0956666666667
0.0953333333333
0.0943333333333
0.0946666666667
0.0966666666667
0.094
0.095
0.095
0.0946666666667
0.0953333333333
0.0956666666667
0.094
0.0956666666667
0.094
0.0953333333333
0.0956666666667
0.0946666666667
0.094
0.0926666666667
0.094
0.0946666666667
0.094
0.094
0.0933333333333
0.0956666666667
0.0933333333333
0.0963333333333
0.0953333333333
0.094
0.0943333333333
0.0943333333333
0.0943333333333
0.0933333333333
0.093
0.0933333333333
0.0933333333333
0.0933333333333
0.0926666666667
0.0933333333333
0.094
0.0943333333333
0.094
0.0936666666667
0.094
0.0953333333333
0.0936666666667
0.0933333333333
0.096
0.0933333333333
0.0963333333333
0.0936666666667
0.0933333333333
0.096
0.0946666666667
0.0943333333333
0.0933333333333
0.0933333333333
0.0943333333333
0.094
0.0933333333333
0.094
0.0936666666667
0.0933333333333
0.0963333333333
0.095
0.0953333333333
0.094
0.0936666666667
0.0943333333333
0.094
0.095
0.096
0.094
0.0936666666667
0.0953333333333
0.0936666666667
0.0936666666667
0.0933333333333
0.0926666666667
0.095
0.0943333333333
0.0936666666667
0.0936666666667
0.0933333333333
0.0943333333333
0.0943333333333
0.0943333333333
0.094
0.0943333333333
0.0933333333333
0.0926666666667
0.096
0.0933333333333
0.0936666666667
0.0936666666667
0.0936666666667
0.0936666666667
0.0933333333333
0.0943333333333
0.0953333333333
0.0943333333333
0.0926666666667
0.094
0.0936666666667
0.094
0.093
0.0936666666667
0.0956666666667
0.0936666666667
0.096
0.0943333333333
0.095
0.094
0.0956666666667
0.093
0.0943333333333
0.0963333333333
0.0943333333333
0.093
0.0933333333333
0.094
0.0933333333333
0.0936666666667
0.0933333333333
0.0926666666667
0.094
0.093
0.094
0.095
0.0933333333333
0.093
0.0953333333333
0.0933333333333
0.094
0.0933333333333
0.0953333333333
0.093
0.0953333333333
0.0953333333333
0.096
0.0956666666667
0.0933333333333
0.0936666666667
0.0936666666667
0.0953333333333
0.0933333333333
0.0943333333333
0.094
0.095
0.0936666666667
0.094
0.093
0.0936666666667
0.0936666666667
0.0943333333333
0.0933333333333
0.0936666666667
0.0946666666667
0.0933333333333
0.0933333333333
0.0953333333333
0.0943333333333
0.0933333333333
0.0926666666667
0.096
0.0963333333333
0.0953333333333
0.0943333333333
0.0993333333333
0.094
0.0943333333333
0.0953333333333
0.094
0.094
0.0936666666667
0.096
0.094
0.0933333333333
0.0943333333333
0.095
0.094
0.0943333333333
0.0943333333333
0.0936666666667
0.0943333333333
0.0933333333333
0.0943333333333
0.094
0.0926666666667
0.094
0.0933333333333
0.095
0.0946666666667
0.094
0.0946666666667
0.0963333333333
0.0926666666667
0.0943333333333
0.0963333333333
0.0953333333333
0.0936666666667
0.0943333333333
0.094
0.096
0.0933333333333
0.094
0.0943333333333
0.099
0.094
0.094
0.0976666666667
0.0933333333333
0.096
0.0936666666667
0.0943333333333
0.0933333333333
0.0933333333333
0.0943333333333
0.094
0.093
0.095
0.095
0.100333333333
0.0943333333333
0.096
0.0936666666667
0.096
0.0943333333333
0.0933333333333
0.0943333333333
0.0953333333333
0.0953333333333
0.0943333333333
0.0936666666667
0.0936666666667
0.094
0.0953333333333
0.094
0.0956666666667
0.0943333333333
0.0926666666667
0.095
0.1
0.0933333333333
0.094
0.096
0.094
0.094
0.0943333333333
0.094
0.0943333333333
0.0943333333333
0.0943333333333
0.0943333333333
0.0936666666667
0.094
0.0933333333333
0.095
0.094
0.0953333333333
0.0933333333333
0.0933333333333
0.093
0.093
0.0933333333333
0.0936666666667
0.0946666666667
0.095
0.0943333333333
0.0976666666667
0.093
0.0933333333333
0.0926666666667
0.098
0.094
0.0943333333333
0.0943333333333
0.0933333333333
0.094
0.0936666666667
0.0933333333333
0.0946666666667
0.094
0.0943333333333
0.093
0.0933333333333
0.0933333333333
0.096
0.0943333333333
0.094
0.094
0.0943333333333
0.0936666666667
0.0953333333333
0.093
0.094
0.095
0.094
0.0943333333333
0.0933333333333
0.0933333333333
0.094
0.0956666666667
0.0926666666667
0.0936666666667
0.0943333333333
0.0953333333333
0.0933333333333
0.094
0.0943333333333
0.0943333333333
0.0946666666667
0.0936666666667
0.095
0.0936666666667
0.0933333333333
0.0943333333333
0.094
0.0933333333333
0.0933333333333
0.0953333333333
0.096
0.096
0.0943333333333
0.0936666666667
0.096
0.095
0.0933333333333
0.0933333333333
0.095
0.0926666666667
0.0943333333333
0.0943333333333
0.0933333333333
0.0946666666667
0.0943333333333
0.0936666666667
0.095
0.0946666666667
0.0943333333333
0.0936666666667
0.094
0.0936666666667
0.0946666666667
0.0933333333333
0.0936666666667
0.0946666666667
0.0933333333333
0.0943333333333
0.095
0.0943333333333
0.0953333333333
0.0933333333333
0.096
0.0926666666667
0.096
0.0936666666667
0.0963333333333
0.0956666666667
0.0943333333333
0.0943333333333
0.0943333333333
0.094
0.094
0.096
0.0933333333333
0.0933333333333
0.0933333333333
0.0936666666667
0.0946666666667
0.096
0.0933333333333
0.0946666666667
0.0953333333333
0.093
0.0953333333333
0.094
0.0953333333333
0.0933333333333
0.0946666666667
0.093
0.0953333333333
0.094
0.0943333333333
0.0943333333333
0.0943333333333
0.0963333333333
0.0976666666667
0.093
0.096
0.094
0.0933333333333
0.0933333333333
0.096
0.093
0.0936666666667
0.094
0.0936666666667
0.0946666666667
0.094
0.0933333333333
0.0926666666667
0.0943333333333
0.0946666666667
0.0933333333333
0.094
0.0933333333333
0.0936666666667
0.094
0.0936666666667
0.0926666666667
0.0926666666667
0.095
0.0933333333333
0.0993333333333
0.0943333333333
0.0943333333333
0.094
0.0943333333333
0.0943333333333
0.094
0.0946666666667
0.0933333333333
0.0933333333333
0.0943333333333
0.0936666666667
0.0926666666667
0.0926666666667
0.0936666666667
0.0936666666667
0.0943333333333
0.0936666666667
0.093
0.0936666666667
0.0943333333333
0.096
0.0926666666667
0.095
0.102
0.0933333333333
0.096
0.0943333333333
0.0936666666667
0.093
0.0943333333333
0.0936666666667
0.094
0.0933333333333
0.0943333333333
0.094
0.0943333333333
0.094
0.0963333333333
0.0943333333333
0.094
0.0933333333333
0.0953333333333
0.0963333333333
0.093
0.0943333333333
0.0956666666667
0.095
0.0946666666667
0.0943333333333
0.0936666666667
0.0926666666667
0.0963333333333
0.0953333333333
0.0943333333333
0.0933333333333
0.0936666666667
0.0963333333333
0.094
0.096
0.0933333333333
0.094
0.0943333333333
0.0926666666667
0.0933333333333
0.094
0.093
0.0926666666667
0.093
0.0943333333333
0.0933333333333
0.0936666666667
0.094
0.0926666666667
0.0946666666667
0.0966666666667
0.0943333333333
0.0963333333333
0.094
0.0943333333333
0.0953333333333
0.093
0.0933333333333
0.0926666666667
0.0943333333333
0.0943333333333
0.096
0.0933333333333
0.0946666666667
0.0943333333333
0.094
0.0933333333333
0.094
0.0943333333333
0.0953333333333
0.0943333333333
0.094
0.096
0.0943333333333
0.0936666666667
0.0926666666667
0.0933333333333
0.0936666666667
0.094
0.098
0.0943333333333
0.094
0.0926666666667
0.096
0.096
0.0933333333333
0.0953333333333
0.094
0.0943333333333
0.0933333333333
0.0963333333333
0.0946666666667
0.0936666666667
0.0953333333333
0.0946666666667
0.0943333333333
0.0936666666667
0.0943333333333
0.1
0.0953333333333
0.093
0.095
0.0936666666667
0.0943333333333
0.0956666666667
0.0943333333333
0.094
0.0933333333333
0.0933333333333
0.0936666666667
0.093
0.094
0.0936666666667
0.102
0.0936666666667
0.0946666666667
0.0926666666667
0.0943333333333
0.0926666666667
0.0943333333333
0.0963333333333
0.0946666666667
0.0943333333333
0.094
0.0943333333333
0.0946666666667
0.0933333333333
0.094
0.0946666666667
0.094
0.094
0.0943333333333
0.096
0.094
0.0933333333333
0.0956666666667
0.095
0.0926666666667
0.0933333333333
0.0943333333333
0.0933333333333
0.0956666666667
0.0943333333333
0.0933333333333
0.0936666666667
0.096
0.0956666666667
0.0933333333333
0.094
0.093
0.0996666666667
0.0953333333333
0.0943333333333
0.0976666666667
0.0926666666667
0.0926666666667
0.0943333333333
0.0933333333333
0.093
0.0953333333333
0.0933333333333
0.0936666666667
0.0933333333333
0.0936666666667
0.094
0.093
0.0933333333333
0.0943333333333
0.0936666666667
0.0956666666667
0.0943333333333
0.098
0.0936666666667
0.094
0.0953333333333
0.0936666666667
0.0933333333333
0.096
0.095
0.0943333333333
0.0953333333333
0.095
0.094
0.0943333333333
0.0943333333333
0.0946666666667
0.0943333333333
0.0953333333333
0.093
0.0956666666667
0.0936666666667
0.0953333333333
0.0943333333333
0.0963333333333
0.0936666666667
0.0926666666667
0.0993333333333
0.0933333333333
0.0933333333333
0.0933333333333
0.096
0.095
0.0933333333333
0.0953333333333
0.0963333333333
0.096
0.0936666666667
0.0946666666667
0.094
0.0936666666667
0.0933333333333
0.096
0.0936666666667
0.0933333333333
0.0946666666667
0.0936666666667
0.095
0.0933333333333
0.0946666666667
0.0946666666667
0.0926666666667
0.0936666666667
0.0933333333333
0.0936666666667
0.0926666666667
0.0936666666667
0.0963333333333
0.0956666666667
0.0926666666667
0.0943333333333
0.094
0.0936666666667
0.094
0.0936666666667
0.0926666666667
0.0966666666667
0.096
0.0926666666667
0.0956666666667
0.0933333333333
0.095
0.0943333333333
0.0933333333333
0.0936666666667
0.095
0.0943333333333
0.096
0.094
0.0936666666667
0.093
0.0933333333333
0.0956666666667
0.0926666666667
0.099
0.094
0.0933333333333
0.0933333333333
0.0936666666667
0.094
0.094
0.0953333333333
0.096
0.096
0.0943333333333
0.094
0.0943333333333
0.0933333333333
0.0943333333333
0.094
0.094
0.0936666666667
0.0953333333333
0.0936666666667
0.094
0.094
0.0943333333333
0.0943333333333
0.096
0.0943333333333
0.0946666666667
0.094
0.0933333333333
0.0936666666667
0.0943333333333
0.0933333333333
0.096
0.093
0.0956666666667
0.0933333333333
0.0926666666667
0.0953333333333
0.096
0.0933333333333
0.0936666666667
0.0936666666667
0.099
0.0933333333333
0.0963333333333
0.0933333333333
0.0946666666667
0.0953333333333
0.0933333333333
0.0946666666667
0.0933333333333
0.0946666666667
0.0933333333333
0.097
0.0943333333333
0.0946666666667
0.0933333333333
0.0936666666667
0.094
0.094
0.0943333333333
0.094
0.093
0.0946666666667
0.093
0.0933333333333
0.0956666666667
0.0933333333333
0.0936666666667
0.093
0.093
0.0933333333333
0.0943333333333
0.0933333333333
0.0943333333333
0.096
0.0943333333333
0.0933333333333
0.095
0.0933333333333
0.0933333333333
0.096
0.093
0.095
0.0956666666667
0.094
0.094
0.0946666666667
0.0936666666667
0.0946666666667
0.0943333333333
0.0936666666667
0.095
0.0943333333333
0.099
0.094
0.094
0.094
0.0933333333333
0.0943333333333
0.0943333333333
0.094
0.094
0.0943333333333
0.0936666666667
0.0933333333333
0.0933333333333
0.094
0.0936666666667
0.094
0.0943333333333
0.093
0.0943333333333
0.0943333333333
0.0943333333333
0.0943333333333
0.0976666666667
0.0933333333333
0.095
0.0933333333333
0.093
0.096
0.096
0.0956666666667
0.0956666666667
0.0936666666667
0.0936666666667
0.0936666666667
0.0953333333333
0.0936666666667
0.0936666666667
0.0933333333333
0.0943333333333
0.0946666666667
0.0936666666667
0.093
0.0953333333333
0.0933333333333
0.0953333333333
0.0936666666667
0.0943333333333
0.0963333333333
0.094
0.094
0.0956666666667
0.0936666666667
0.094
0.0943333333333
0.0936666666667
0.0943333333333
0.0946666666667
0.0943333333333
0.0933333333333
0.0933333333333
0.094
0.0943333333333
0.0943333333333
0.0956666666667
0.0943333333333
0.0933333333333
0.0933333333333
0.097
0.0936666666667
0.0953333333333
0.098
0.0956666666667
0.0933333333333
0.0946666666667
0.0936666666667
0.0943333333333
0.093
0.0936666666667
0.0993333333333
0.094
0.095
0.0936666666667
0.0963333333333
0.0946666666667
0.0936666666667
0.0983333333333
0.0943333333333
0.096
0.093
0.096
0.0943333333333
0.0936666666667
0.0946666666667
0.0926666666667
0.095
0.0933333333333
0.0956666666667
0.0936666666667
0.0926666666667
0.0933333333333
0.0933333333333
0.0936666666667
0.0943333333333
0.0993333333333
0.0936666666667
0.0943333333333
0.094
0.096
0.0946666666667
0.0936666666667
0.094
0.0953333333333
0.094
0.0953333333333
0.0936666666667
0.0936666666667
0.0936666666667
0.0943333333333
0.0943333333333
0.0933333333333
0.0943333333333
0.0926666666667
0.095
0.094
0.0943333333333
0.094
0.0926666666667
0.096
0.094
0.0943333333333
0.0936666666667
0.0926666666667
0.095
0.0933333333333
0.0943333333333
0.0933333333333
0.093
0.0936666666667
0.096
0.0953333333333
0.0936666666667
0.0956666666667
0.0926666666667
0.0933333333333
0.0953333333333
0.0943333333333
0.0933333333333
0.0933333333333
0.0953333333333
0.093
0.096
0.0933333333333
0.0926666666667
0.093
0.0933333333333
0.0943333333333
0.094
0.0943333333333
0.093
0.0933333333333
0.0933333333333
0.0933333333333
0.0933333333333
0.0936666666667
0.0943333333333
0.0943333333333
0.0936666666667
0.093
0.094
0.0946666666667
0.096
0.0933333333333
0.0943333333333
0.094
0.0943333333333
0.0956666666667
0.095
0.0933333333333
0.094
0.094
0.096
0.0926666666667
0.094
0.096
0.094
0.0926666666667
0.0936666666667
0.0943333333333
0.095
0.0936666666667
0.0926666666667
0.094
0.0953333333333
0.094
0.094
0.0933333333333
0.0936666666667
0.0933333333333
0.0956666666667
0.094
0.0926666666667
0.0936666666667
0.0943333333333
0.0933333333333
0.093
0.0936666666667
0.0956666666667
