0.504
0.1085
0.098
0.1225
0.0905
0.096
0.098
0.0915
0.0995
0.0955
0.091
0.097
0.0965
0.0965
0.091
0.0915
0.0965
0.096
0.0915
0.0915
0.095
0.096
0.093
0.093
0.098
0.097
0.096
0.0955
0.095
0.0945
0.095
0.0905
0.096
0.0915
0.0945
0.0955
0.0955
0.0975
0.0945
0.0945
0.0955
0.0925
0.097
0.0915
0.096
0.0965
0.092
0.097
0.0945
0.0915
0.0955
0.09
0.09
0.096
0.0955
0.09
0.0955
0.094
0.097
0.1005
0.0915
0.09
0.0935
0.0965
0.0925
0.0915
0.095
0.0945
0.0935
0.0905
0.0915
0.094
0.0915
0.0965
0.0905
0.0955
0.0945
0.0945
0.0935
0.09
0.095
0.0945
0.0935
0.0945
0.0945
0.094
0.094
0.0915
0.0945
0.09
0.094
0.097
0.094
0.094
0.0915
0.092
0.0945
0.097
0.0935
0.0945
0.0915
0.091
0.093
0.0965
0.0905
0.0965
0.0905
0.097
0.0915
0.09
0.09
0.0935
0.09
0.0965
0.096
0.0965
0.0965
0.097
0.095
0.097
0.0905
0.094
0.09
0.0935
0.0965
0.091
0.0955
0.0905
0.091
0.095
0.092
0.0935
0.095
0.0965
0.0965
0.0965
0.097
0.09
0.0905
0.0965
0.091
0.097
0.095
0.0965
0.0955
0.0965
0.094
0.096
0.09
0.095
0.097
0.091
0.096
0.095
0.0945
0.0935
0.0955
0.0915
0.097
0.093
0.093
0.0975
0.0905
0.092
0.0965
0.0955
0.0965
0.097
0.09
0.1
0.0905
0.0915
0.095
0.09
0.094
0.096
0.095
0.093
0.0935
0.095
0.0935
0.096
0.094
0.0965
0.091
0.0965
0.094
0.094
0.095
0.094
0.0975
0.0945
0.094
0.0965
0.0955
0.0965
0.096
0.093
0.0945
0.0925
0.0965
0.0945
0.091
0.092
0.095
0.093
0.0945
0.095
0.09
0.0915
0.096
0.095
0.0905
0.0905
0.0915
0.0945
0.095
0.0955
0.091
0.091
0.091
0.095
0.094
0.0965
0.0935
0.0925
0.0955
0.0965
0.0915
0.095
0.0955
0.0955
0.0965
0.0915
0.0945
0.0905
0.098
0.094
0.091
0.0975
0.097
0.0965
0.0935
0.096
0.094
0.0915
0.0935
0.09
0.094
0.0905
0.091
0.095
0.095
0.0965
0.096
0.0895
0.094
0.0955
0.0965
0.0915
0.091
0.0965
0.0905
0.095
0.092
0.095
0.091
0.0965
0.091
0.095
0.0945
0.0915
0.0965
0.0915
0.09
0.0935
0.0965
0.094
0.0965
0.094
0.092
0.097
0.095
0.09
0.0915
0.097
0.0905
0.09
0.093
0.0915
0.094
0.0975
0.095
0.0915
0.097
0.091
0.091
0.092
0.094
0.0945
0.09
0.0965
0.097
0.095
0.094
0.0945
0.094
0.09
0.0965
0.095
0.097
0.094
0.0965
0.091
0.097
0.0965
0.094
0.097
0.0955
0.097
0.0965
0.097
0.0965
0.0945
0.097
0.097
0.095
0.0925
0.094
0.0915
0.093
0.0955
0.0945
0.095
0.094
0.0965
0.093
0.0965
0.094
0.091
0.0945
0.093
0.0975
0.0915
0.0915
0.091
0.0915
0.093
0.095
0.0955
0.091
0.0965
0.094
0.0945
0.0955
0.0905
0.0905
0.0915
0.095
0.097
0.0955
0.0905
0.094
0.091
0.0915
0.091
0.0925
0.096
0.0965
0.097
0.095
0.092
0.0945
0.095
0.09
0.0965
0.096
0.0935
0.095
0.0945
0.0945
0.091
0.096
0.091
0.097
0.094
0.0905
0.0965
0.0905
0.093
0.095
0.095
0.0955
0.0965
0.094
0.095
0.0915
0.0955
0.0925
0.0965
0.096
0.0925
0.091
0.0895
0.091
0.0965
0.09
0.0945
0.091
0.0925
0.094
0.097
0.092
0.0965
0.0915
0.097
0.095
0.0965
0.0945
0.096
0.091
0.0915
0.096
0.0915
0.097
0.0975
0.0975
0.0925
0.0945
0.095
0.0915
0.098
0.096
0.097
0.095
0.0965
0.0975
0.0955
0.094
0.092
0.092
0.094
0.0965
0.102
0.094
0.092
0.097
0.095
0.0925
0.0915
0.0945
0.095
0.0955
0.097
0.0915
0.097
0.091
0.0995
0.095
0.095
0.097
0.097
0.0945
0.092
0.0965
0.0965
0.0965
0.091
0.0945
0.096
0.095
0.0965
0.095
0.0905
0.0915
0.0965
0.095
0.096
0.0935
0.094
0.0935
0.097
0.0945
0.091
0.097
0.0965
0.097
0.09
0.0935
0.091
0.1025
0.1025
0.0965
0.09
0.095
0.0905
0.09
0.0965
0.0965
0.0965
0.097
0.0915
0.0915
0.094
0.0905
0.0945
0.0965
0.0925
0.094
0.097
0.091
0.094
0.0965
0.0965
0.093
0.097
0.095
0.0945
0.0915
0.0915
0.093
0.091
0.0915
0.097
0.0945
0.097
0.0915
0.0965
0.094
0.0905
0.096
0.0945
0.0965
0.0905
0.094
0.0905
0.095
0.0955
0.0955
0.095
0.0945
0.0965
0.096
0.0975
0.0965
0.091
0.096
0.0925
0.091
0.09
0.094
0.095
0.0935
0.0945
0.0935
0.094
0.0915
0.0995
0.0965
0.095
0.0915
0.0945
0.0965
0.0915
0.0925
0.09
0.097
0.093
0.0945
0.095
0.0915
0.09
0.095
0.091
0.096
0.0915
0.0955
0.0905
0.0945
0.093
0.0975
0.097
0.0905
0.0955
0.095
0.0945
0.0945
0.091
0.0965
0.0965
0.0935
0.0915
0.0945
0.1025
0.093
0.095
0.096
0.091
0.0905
0.0995
0.0965
0.0905
0.093
0.095
0.092
0.0965
0.0965
0.098
0.094
0.0965
0.0965
0.0945
0.0965
0.095
0.0935
0.097
0.0965
0.0965
0.0905
0.0965
0.0955
0.0935
0.0935
0.0935
0.095
0.09
0.0915
0.095
0.0905
0.0965
0.091
0.097
0.091
0.0915
0.096
0.097
0.092
0.0895
0.097
0.0955
0.096
0.0935
0.0965
0.0945
0.0965
0.097
0.095
0.097
0.0965
0.095
0.0965
0.0945
0.0965
0.0945
0.0945
0.097
0.0905
0.0965
0.0965
0.097
0.09
0.0935
0.0945
0.0955
0.092
0.097
0.092
0.0945
0.0965
0.091
0.0905
0.0975
0.0945
0.0945
0.0945
0.0965
0.0915
0.0945
0.0975
0.0945
0.092
0.091
0.0945
0.0955
0.095
0.091
0.096
0.0975
0.0965
0.097
0.0945
0.0945
0.091
0.0915
0.095
0.0915
0.093
0.097
0.091
0.091
0.097
0.097
0.0965
0.092
0.0935
0.0965
0.09
0.0945
0.091
0.095
0.09
0.095
0.0935
0.0955
0.1035
0.0915
0.097
0.0945
0.0945
0.0965
0.0935
0.091
0.091
0.0965
0.09
0.0915
0.095
0.097
0.0945
0.0915
0.0925
0.094
0.0965
0.0965
0.0965
0.0945
0.095
0.0945
0.0915
0.094
0.097
0.0965
0.0955
0.0945
0.0965
0.097
0.0915
0.0945
0.0915
0.094
0.0905
0.095
0.0935
0.0935
0.0965
0.091
0.095
0.097
0.095
0.0915
0.0935
0.0965
0.0975
0.095
0.0905
0.095
0.094
0.09
0.095
0.0965
0.095
0.094
0.0955
0.0965
0.0945
0.0965
0.0945
0.095
0.09
0.096
0.093
0.096
0.094
0.096
0.095
0.097
0.09
0.091
0.091
0.097
0.0955
0.0945
0.0935
0.097
0.0965
0.092
0.0965
0.0965
0.0965
0.0945
0.095
0.097
0.1
0.0965
0.0935
0.091
0.091
0.0955
0.096
0.0955
0.094
0.095
0.095
0.0975
0.0915
0.093
0.0945
0.093
0.097
0.0945
0.0915
0.092
0.091
0.096
0.0965
0.095
0.0935
0.096
0.0965
0.0975
0.0915
0.095
0.0965
0.094
0.0955
0.0965
0.0955
0.0965
0.0955
0.091
0.095
0.0965
0.095
0.096
0.094
0.094
0.096
0.091
0.0905
0.0965
0.1025
0.097
0.0905
0.0945
0.096
0.096
0.0945
0.099
0.0945
0.0965
0.095
0.0905
0.0905
0.096
0.094
0.0965
0.0945
0.0945
0.0915
0.0935
0.091
0.09
0.0965
0.097
0.0965
0.091
0.097
0.097
0.0905
0.091
0.094
0.096
0.0965
0.094
0.091
0.097
0.0935
0.097
0.091
0.0955
0.0915
0.094
0.0965
0.096
0.093
0.0955
0.0975
0.0915
0.094
0.0945
0.0965
0.095
0.096
0.0945
0.094
0.094
0.097
0.0995
0.0955
0.092
0.0915
0.0965
0.0925
0.097
0.094
0.095
0.094
0.0965
0.091
0.0965
0.096
0.0945
0.0945
0.095
0.0905
0.0945
0.093
0.097
0.09
0.094
0.093
0.0895
0.0945
0.097
0.092
0.0925
0.095
0.091
0.095
0.092
0.094
0.0955
0.095
0.0945
0.0945
0.093
0.096
0.0965
0.095
0.094
0.09
0.097
0.094
0.1005
0.0955
0.097
0.097
0.097
0.0925
0.097
0.0915
0.0945
0.0965
0.0905
0.095
0.093
0.0965
0.094
0.0965
0.0995
0.0915
0.096
0.0965
0.094
0.0975
0.0915
0.0915
0.095
0.094
0.095
0.094
0.094
0.094
0.097
0.0955
0.0925
0.0925
0.0965
0.0905
0.0945
0.094
0.0945
0.096
0.0935
0.095
0.09
0.0905
0.1005
0.0975
0.095
