0.496
0.0965
0.0845
0.112
0.089
0.084
0.0855
0.096
0.081
0.0845
0.09
0.083
0.0845
0.083
0.0895
0.096
0.084
0.0845
0.0935
0.089
0.085
0.0835
0.0905
0.0905
0.081
0.084
0.083
0.0865
0.084
0.086
0.084
0.0945
0.083
0.0965
0.086
0.0835
0.0835
0.0845
0.1015
0.0855
0.084
0.0905
0.084
0.0955
0.083
0.0825
0.0875
0.0835
0.0845
0.0925
0.087
0.0905
0.0875
0.083
0.0835
0.09
0.083
0.087
0.083
0.0845
0.097
0.0875
0.087
0.0825
0.092
0.093
0.0865
0.0865
0.087
0.089
0.096
0.092
0.0965
0.0835
0.0875
0.0845
0.0855
0.0875
0.087
0.09
0.087
0.0855
0.091
0.0865
0.085
0.0925
0.0915
0.0965
0.087
0.09
0.087
0.0835
0.0855
0.0925
0.095
0.0875
0.0865
0.0825
0.087
0.085
0.093
0.0905
0.0975
0.083
0.0885
0.084
0.0895
0.084
0.096
0.09
0.0905
0.0875
0.0905
0.0815
0.0845
0.0845
0.0835
0.084
0.0865
0.0835
0.0895
0.0855
0.0905
0.091
0.0845
0.0955
0.0865
0.0875
0.0905
0.087
0.0875
0.087
0.0845
0.084
0.085
0.0845
0.0835
0.0875
0.0895
0.0835
0.095
0.083
0.087
0.083
0.087
0.084
0.087
0.083
0.0905
0.087
0.083
0.095
0.084
0.087
0.085
0.087
0.084
0.096
0.0815
0.0905
0.09
0.082
0.089
0.0975
0.084
0.087
0.082
0.0815
0.0905
0.085
0.0895
0.094
0.087
0.0885
0.087
0.083
0.087
0.09
0.091
0.087
0.0875
0.083
0.087
0.083
0.0905
0.0825
0.0915
0.0915
0.0865
0.0855
0.081
0.0875
0.0865
0.082
0.083
0.082
0.083
0.087
0.088
0.1015
0.0845
0.0865
0.095
0.0985
0.087
0.091
0.086
0.087
0.0895
0.0925
0.085
0.0865
0.0875
0.0885
0.0905
0.0855
0.086
0.083
0.097
0.0905
0.0905
0.0845
0.092
0.083
0.087
0.0975
0.0845
0.082
0.0945
0.0865
0.0835
0.084
0.0835
0.094
0.086
0.0905
0.083
0.0855
0.0955
0.0845
0.0845
0.0835
0.0865
0.0845
0.092
0.0915
0.1015
0.0885
0.0865
0.0895
0.0945
0.0865
0.086
0.084
0.083
0.0875
0.0855
0.083
0.0835
0.093
0.0945
0.0845
0.0895
0.0845
0.0905
0.086
0.0965
0.0815
0.096
0.0845
0.087
0.0955
0.084
0.093
0.0905
0.087
0.0815
0.0855
0.0825
0.0855
0.0875
0.0835
0.087
0.088
0.0875
0.0835
0.089
0.0905
0.0915
0.096
0.0915
0.0825
0.0865
0.0965
0.084
0.0945
0.097
0.0985
0.0925
0.086
0.0905
0.0835
0.0825
0.086
0.087
0.0855
0.0925
0.0905
0.084
0.087
0.0835
0.0865
0.0835
0.0965
0.0835
0.0845
0.0865
0.0825
0.083
0.0815
0.083
0.083
0.0835
0.0865
0.0835
0.081
0.0865
0.0905
0.0865
0.0975
0.09
0.0845
0.0855
0.0865
0.087
0.0825
0.0905
0.083
0.0855
0.096
0.086
0.0915
0.0835
0.094
0.094
0.0905
0.0905
0.0915
0.0845
0.0835
0.096
0.083
0.087
0.086
0.087
0.0895
0.0895
0.094
0.087
0.084
0.083
0.0895
0.087
0.0965
0.0965
0.096
0.0975
0.083
0.0835
0.0845
0.0845
0.0985
0.0855
0.0845
0.088
0.0845
0.083
0.087
0.0855
0.0865
0.092
0.0955
0.0835
0.0965
0.0815
0.0865
0.089
0.085
0.0875
0.0905
0.0865
0.0865
0.0845
0.0835
0.0865
0.0845
0.0925
0.0845
0.0905
0.082
0.083
0.0875
0.0965
0.088
0.0955
0.0835
0.0905
0.0875
0.094
0.09
0.086
0.0845
0.0905
0.082
0.0925
0.0845
0.087
0.0835
0.086
0.083
0.097
0.096
0.083
0.0875
0.0815
0.0835
0.0845
0.0975
0.0855
0.0865
0.0945
0.081
0.084
0.084
0.086
0.0835
0.0845
0.0865
0.087
0.1005
0.0905
0.087
0.082
0.0845
0.087
0.092
0.083
0.0865
0.0905
0.0925
0.0865
0.087
0.083
0.084
0.0965
0.084
0.0955
0.083
0.0865
0.087
0.0825
0.083
0.086
0.0875
0.0845
0.083
0.0845
0.095
0.087
0.084
0.0865
0.084
0.087
0.0895
0.096
0.0835
0.0845
0.084
0.0875
0.087
0.087
0.083
0.0865
0.0965
0.084
0.083
0.0825
0.0885
0.0875
0.093
0.0855
0.0865
0.0815
0.0905
0.0845
0.0895
0.0885
0.084
0.084
0.084
0.0835
0.0925
0.0945
0.0855
0.0895
0.088
0.0845
0.0905
0.0855
0.083
0.094
0.0855
0.0815
0.083
0.09
0.084
0.086
0.0845
0.092
0.091
0.0915
0.096
0.095
0.084
0.0865
0.0845
0.0945
0.0845
0.0865
0.0885
0.083
0.087
0.084
0.0895
0.0855
0.0885
0.086
0.083
0.083
0.087
0.0845
0.085
0.0865
0.0835
0.0825
0.0905
0.083
0.098
0.0955
0.0905
0.092
0.086
0.0855
0.085
0.087
0.092
0.0935
0.0835
0.0835
0.0865
0.0955
0.088
0.0835
0.0875
0.0905
0.09
0.084
0.09
0.086
0.0865
0.097
0.0905
0.0865
0.096
0.083
0.0965
0.084
0.0895
0.0865
0.1015
0.084
0.0845
0.0945
0.083
0.086
0.0855
0.088
0.0965
0.082
0.0835
0.087
0.095
0.0875
0.086
0.0905
0.0845
0.083
0.0955
0.089
0.083
0.082
0.089
0.087
0.087
0.087
0.0835
0.083
0.083
0.0855
0.0835
0.082
0.086
0.084
0.087
0.087
0.0835
0.0835
0.0835
0.089
0.082
0.0835
0.0865
0.0875
0.0865
0.0865
0.0905
0.096
0.0865
0.095
0.082
0.0965
0.084
0.097
0.092
0.083
0.083
0.098
0.0875
0.0835
0.0845
0.083
0.0875
0.0825
0.086
0.083
0.083
0.087
0.0815
0.0835
0.086
0.0835
0.0865
0.083
0.0855
0.0865
0.084
0.0895
0.0815
0.082
0.0845
0.0905
0.0875
0.086
0.086
0.0985
0.0835
0.0975
0.085
0.083
0.094
0.0895
0.0825
0.086
0.086
0.087
0.082
0.097
0.0855
0.082
0.0875
0.0875
0.0905
0.086
0.083
0.086
0.0945
0.083
0.0815
0.083
0.0845
0.0865
0.086
0.0955
0.0965
0.0845
0.093
0.091
0.083
0.097
0.0905
0.0815
0.082
0.083
0.0875
0.1015
0.084
0.0885
0.086
0.097
0.087
0.0905
0.087
0.0875
0.083
0.088
0.094
0.0825
0.086
0.085
0.083
0.0915
0.0905
0.0905
0.0835
0.09
0.0965
0.087
0.084
0.088
0.0965
0.098
0.0865
0.083
0.083
0.0835
0.085
0.0845
0.0865
0.093
0.0925
0.0815
0.084
0.083
0.086
0.0835
0.0835
0.0905
0.0855
0.0965
0.0865
0.0895
0.086
0.0905
0.0875
0.0825
0.096
0.0835
0.083
0.0845
0.097
0.087
0.084
0.083
0.1025
0.0895
0.0865
0.0855
0.09
0.084
0.083
0.0845
0.0925
0.0845
0.0815
0.0865
0.0835
0.0865
0.0865
0.0905
0.083
0.0905
0.0845
0.0855
0.084
0.087
0.0835
0.09
0.097
0.094
0.0835
0.0845
0.087
0.087
0.0835
0.082
0.093
0.083
0.0825
0.083
0.0855
0.0865
0.0835
0.084
0.0835
0.0865
0.097
0.0905
0.0845
0.083
0.0845
0.086
0.0865
0.0865
0.0845
0.096
0.0905
0.085
0.09
0.0835
0.085
0.096
0.099
0.097
0.1045
0.084
0.087
0.0865
0.084
0.0845
0.083
0.0965
0.0865
0.084
0.0855
0.083
0.083
0.087
0.0825
0.083
0.094
0.0865
0.085
0.087
0.083
0.0855
0.092
0.083
0.097
0.0905
0.0835
0.0855
0.084
0.0905
0.0855
0.0845
0.085
0.0855
0.0845
0.0875
0.084
0.087
0.0885
0.0895
0.083
0.092
0.084
0.0865
0.085
0.0965
0.087
0.0955
0.0905
0.083
0.081
0.082
0.096
0.0815
0.0815
0.0905
0.097
0.0855
0.083
0.0835
0.0855
0.097
0.0835
0.092
0.0825
0.093
0.083
0.092
0.0865
0.085
0.085
0.0975
0.084
0.081
0.092
0.0865
0.0865
0.084
0.0865
0.084
0.088
0.0865
0.0915
0.084
0.0835
0.0845
0.0985
0.0965
0.082
0.0875
0.083
0.0925
0.086
0.092
0.0835
0.0905
0.0835
0.0835
0.087
0.0865
0.0875
0.0895
0.0865
0.0915
0.0835
0.0905
0.087
0.0905
0.0875
0.087
0.0835
0.1005
0.0905
0.0865
0.0945
0.087
0.101
0.0855
0.087
0.0865
0.0865
0.087
0.09
0.083
0.0835
0.0865
0.0865
0.09
0.0825
0.087
0.0845
0.0865
0.083
0.082
0.083
0.0905
0.0845
0.095
0.087
0.0825
0.095
0.0865
0.0915
0.0835
0.0925
0.084
0.0845
0.0925
0.083
0.0835
0.086
0.0815
0.0965
0.096
0.0865
0.0865
0.0865
0.0865
0.087
0.0865
0.0845
0.084
0.092
0.0905
0.084
0.0895
0.0865
0.092
0.087
0.1035
0.087
0.0865
0.09
0.088
0.0845
0.082
0.087
