0.494
0.0926666666667
0.0903333333333
0.0923333333333
0.092
0.0906666666667
0.0903333333333
0.0916666666667
0.0916666666667
0.0913333333333
0.0893333333333
0.09
0.091
0.0906666666667
0.0916666666667
0.0896666666667
0.0896666666667
0.091
0.0933333333333
0.0896666666667
0.09
0.09
0.0913333333333
0.0903333333333
0.0906666666667
0.0916666666667
0.0906666666667
0.09
0.0903333333333
0.0916666666667
0.0903333333333
0.0913333333333
0.0916666666667
0.092
0.0896666666667
0.0913333333333
0.09
0.092
0.0903333333333
0.0933333333333
0.09
0.0893333333333
0.092
0.0923333333333
0.0896666666667
0.091
0.0896666666667
0.0903333333333
0.092
0.0903333333333
0.0913333333333
0.0903333333333
0.0913333333333
0.09
0.0903333333333
0.091
0.09
0.0913333333333
0.0913333333333
0.0923333333333
0.0913333333333
0.0903333333333
0.0893333333333
0.0913333333333
0.0903333333333
0.0906666666667
0.0913333333333
0.0923333333333
0.091
0.0906666666667
0.09
0.0906666666667
0.09
0.093
0.09
0.0913333333333
0.0906666666667
0.0893333333333
0.0923333333333
0.092
0.0903333333333
0.0893333333333
0.091
0.0893333333333
0.0906666666667
0.092
0.09
0.094
0.0903333333333
0.092
0.0903333333333
0.09
0.09
0.0903333333333
0.093
0.0903333333333
0.0906666666667
0.0906666666667
0.0906666666667
0.092
0.0906666666667
0.0906666666667
0.0893333333333
0.0906666666667
0.0906666666667
0.0913333333333
0.09
0.0903333333333
0.0906666666667
0.0916666666667
0.09
0.09
0.091
0.094
0.0903333333333
0.0916666666667
0.0896666666667
0.091
0.0893333333333
0.0906666666667
0.092
0.0906666666667
0.0893333333333
0.0893333333333
0.0903333333333
0.092
0.0903333333333
0.0913333333333
0.0913333333333
0.091
0.0916666666667
0.0906666666667
0.0903333333333
0.0893333333333
0.0913333333333
0.0903333333333
0.09
0.0903333333333
0.091
0.0893333333333
0.0903333333333
0.092
0.0896666666667
0.0913333333333
0.0913333333333
0.091
0.0903333333333
0.091
0.0903333333333
0.091
0.092
0.091
0.0913333333333
0.0903333333333
0.0893333333333
0.0893333333333
0.0916666666667
0.0936666666667
0.0933333333333
0.092
0.091
0.09
0.093
0.0913333333333
0.0906666666667
0.0906666666667
0.0903333333333
0.0906666666667
0.0903333333333
0.0913333333333
0.0933333333333
0.0916666666667
0.09
0.092
0.092
0.0896666666667
0.09
0.0903333333333
0.0916666666667
0.0906666666667
0.089
0.0903333333333
0.091
0.092
0.0906666666667
0.09
0.09
0.091
0.0903333333333
0.092
0.0903333333333
0.0923333333333
0.09
0.09
0.091
0.0903333333333
0.0913333333333
0.0903333333333
0.09
0.09
0.092
0.0903333333333
0.0913333333333
0.0906666666667
0.0906666666667
0.0936666666667
0.09
0.0926666666667
0.0903333333333
0.0886666666667
0.0906666666667
0.0916666666667
0.0903333333333
0.0896666666667
0.0923333333333
0.09
0.0916666666667
0.0903333333333
0.0893333333333
0.0896666666667
0.09
0.091
0.09
0.0903333333333
0.0896666666667
0.0906666666667
0.0923333333333
0.0896666666667
0.0903333333333
0.089
0.0906666666667
0.091
0.0913333333333
0.0913333333333
0.0913333333333
0.0903333333333
0.0906666666667
0.0896666666667
0.091
0.0903333333333
0.09
0.0926666666667
0.0903333333333
0.089
0.0906666666667
0.0903333333333
0.0923333333333
0.0916666666667
0.0903333333333
0.0906666666667
0.0896666666667
0.0916666666667
0.0903333333333
0.0903333333333
0.0906666666667
0.0916666666667
0.091
0.092
0.0893333333333
0.09
0.09
0.0906666666667
0.0913333333333
0.0913333333333
0.091
0.0916666666667
0.0896666666667
0.091
0.091
0.09
0.091
0.0913333333333
0.09
0.093
0.0903333333333
0.0883333333333
0.0903333333333
0.0896666666667
0.0916666666667
0.09
0.0903333333333
0.0913333333333
0.0906666666667
0.0906666666667
0.0893333333333
0.0906666666667
0.0893333333333
0.0906666666667
0.091
0.09
0.0913333333333
0.09
0.0906666666667
0.0923333333333
0.091
0.0903333333333
0.0903333333333
0.0923333333333
0.0913333333333
0.0906666666667
0.0916666666667
0.0896666666667
0.093
0.0933333333333
0.092
0.0913333333333
0.0906666666667
0.09
0.0916666666667
0.0906666666667
0.089
0.09
0.0893333333333
0.0893333333333
0.0926666666667
0.0893333333333
0.0906666666667
0.092
0.092
0.0913333333333
0.091
0.0913333333333
0.09
0.0913333333333
0.0903333333333
0.0926666666667
0.0916666666667
0.0903333333333
0.092
0.0913333333333
0.0906666666667
0.09
0.091
0.0913333333333
0.0906666666667
0.0893333333333
0.0896666666667
0.0913333333333
0.092
0.0903333333333
0.091
0.0923333333333
0.0933333333333
0.091
0.0896666666667
0.0896666666667
0.091
0.0903333333333
0.09
0.0893333333333
0.0903333333333
0.09
0.09
0.0906666666667
0.09
0.0933333333333
0.0896666666667
0.092
0.09
0.0906666666667
0.0923333333333
0.0906666666667
0.0906666666667
0.0903333333333
0.0916666666667
0.091
0.0903333333333
0.091
0.0903333333333
0.0916666666667
0.092
0.0903333333333
0.0913333333333
0.09
0.09
0.096
0.092
0.0903333333333
0.091
0.0896666666667
0.0903333333333
0.0906666666667
0.0926666666667
0.09
0.0893333333333
0.0906666666667
0.091
0.091
0.09
0.0916666666667
0.0933333333333
0.09
0.0903333333333
0.09
0.0903333333333
0.0903333333333
0.0913333333333
0.09
0.0926666666667
0.091
0.091
0.0906666666667
0.0886666666667
0.0903333333333
0.0896666666667
0.0936666666667
0.0906666666667
0.0903333333333
0.0916666666667
0.0913333333333
0.09
0.091
0.0906666666667
0.0903333333333
0.093
0.0913333333333
0.091
0.0906666666667
0.0896666666667
0.091
0.091
0.0906666666667
0.0903333333333
0.093
0.0893333333333
0.0896666666667
0.0923333333333
0.09
0.0906666666667
0.093
0.0896666666667
0.092
0.091
0.092
0.09
0.09
0.0916666666667
0.0913333333333
0.0903333333333
0.0893333333333
0.091
0.092
0.0896666666667
0.09
0.0916666666667
0.0913333333333
0.0913333333333
0.0896666666667
0.0906666666667
0.0906666666667
0.0916666666667
0.0906666666667
0.091
0.0903333333333
0.0916666666667
0.0903333333333
0.0896666666667
0.09
0.0916666666667
0.0936666666667
0.0913333333333
0.0896666666667
0.0906666666667
0.0906666666667
0.09
0.091
0.0916666666667
0.0893333333333
0.0936666666667
0.0903333333333
0.0906666666667
0.0886666666667
0.0903333333333
0.091
0.09
0.0933333333333
0.0903333333333
0.0896666666667
0.09
0.0913333333333
0.0896666666667
0.0926666666667
0.0933333333333
0.091
0.0896666666667
0.092
0.0913333333333
0.0916666666667
0.091
0.09
0.0893333333333
0.0903333333333
0.09
0.0896666666667
0.0906666666667
0.089
0.09
0.0903333333333
0.09
0.091
0.0926666666667
0.0903333333333
0.0893333333333
0.0913333333333
0.0913333333333
0.0913333333333
0.0903333333333
0.0916666666667
0.0896666666667
0.0906666666667
0.0933333333333
0.093
0.0916666666667
0.09
0.0923333333333
0.0896666666667
0.092
0.089
0.0913333333333
0.092
0.091
0.0893333333333
0.0953333333333
0.0916666666667
0.0913333333333
0.0893333333333
0.0906666666667
0.092
0.0903333333333
0.0903333333333
0.0903333333333
0.0896666666667
0.09
0.0893333333333
0.0903333333333
0.0903333333333
0.091
0.0903333333333
0.0913333333333
0.093
0.0893333333333
0.092
0.0903333333333
0.0906666666667
0.0903333333333
0.0903333333333
0.09
0.091
0.0893333333333
0.0916666666667
0.09
0.093
0.091
0.091
0.0903333333333
0.0916666666667
0.09
0.0903333333333
0.0893333333333
0.0916666666667
0.0893333333333
0.0933333333333
0.0903333333333
0.0893333333333
0.0906666666667
0.0893333333333
0.0903333333333
0.0896666666667
0.0886666666667
0.089
0.0896666666667
0.0906666666667
0.092
0.09
0.0923333333333
0.0903333333333
0.09
0.0886666666667
0.0906666666667
0.0906666666667
0.0903333333333
0.091
0.0903333333333
0.091
0.0903333333333
0.0906666666667
0.09
0.0906666666667
0.0906666666667
0.093
0.089
0.0893333333333
0.0886666666667
0.0926666666667
0.0896666666667
0.0903333333333
0.09
0.09
0.09
0.09
0.09
0.0896666666667
0.0893333333333
0.093
0.091
0.0906666666667
0.0896666666667
0.0906666666667
0.0906666666667
0.09
0.0906666666667
0.0906666666667
0.0906666666667
0.094
0.0903333333333
0.0916666666667
0.0903333333333
0.0923333333333
0.0903333333333
0.09
0.0923333333333
0.0916666666667
0.0903333333333
0.0933333333333
0.091
0.0906666666667
0.092
0.0906666666667
0.0916666666667
0.0896666666667
0.089
0.0903333333333
0.09
0.091
0.0903333333333
0.0913333333333
0.0893333333333
0.091
0.0903333333333
0.092
0.0906666666667
0.0916666666667
0.0903333333333
0.0923333333333
0.091
0.0906666666667
0.0886666666667
0.0896666666667
0.0906666666667
0.093
0.0906666666667
0.0903333333333
0.0903333333333
0.092
0.0913333333333
0.0913333333333
0.093
0.0916666666667
0.0903333333333
0.09
0.092
0.0913333333333
0.0913333333333
0.092
0.091
0.09
0.0903333333333
0.0906666666667
0.092
0.0916666666667
0.0903333333333
0.09
0.091
0.0916666666667
0.0936666666667
0.09
0.0916666666667
0.0916666666667
0.0896666666667
0.0903333333333
0.092
0.0906666666667
0.0936666666667
0.0903333333333
0.09
0.0913333333333
0.0893333333333
0.0916666666667
0.092
0.0906666666667
0.0903333333333
0.09
0.0903333333333
0.0893333333333
0.0916666666667
0.0933333333333
0.0913333333333
0.0906666666667
0.0916666666667
0.091
0.0906666666667
0.0893333333333
0.0913333333333
0.0933333333333
0.0906666666667
0.0896666666667
0.091
0.09
0.09
0.0906666666667
0.0906666666667
0.092
0.0913333333333
0.0906666666667
0.09
0.0923333333333
0.091
0.09
0.0913333333333
0.093
0.0896666666667
0.0913333333333
0.0933333333333
0.089
0.093
0.092
0.095
0.092
0.091
0.0906666666667
0.091
0.0906666666667
0.0906666666667
0.091
0.0886666666667
0.0936666666667
0.0906666666667
0.0906666666667
0.092
0.0903333333333
0.0923333333333
0.093
0.0906666666667
0.0903333333333
0.0906666666667
0.0896666666667
0.0913333333333
0.0893333333333
0.0936666666667
0.0906666666667
0.0913333333333
0.0923333333333
0.0906666666667
0.0913333333333
0.0906666666667
0.0916666666667
0.09
0.0893333333333
0.092
0.0913333333333
0.0913333333333
0.0883333333333
0.0893333333333
0.09
0.092
0.0896666666667
0.0923333333333
0.0893333333333
0.0936666666667
0.0906666666667
0.0893333333333
0.0903333333333
0.091
0.092
0.091
0.0916666666667
0.0903333333333
0.092
0.0896666666667
0.0903333333333
0.0933333333333
0.093
0.0896666666667
0.092
0.09
0.0913333333333
0.0916666666667
0.09
0.091
0.0933333333333
0.09
0.0933333333333
0.091
0.093
0.0913333333333
0.0886666666667
0.0893333333333
0.0913333333333
0.09
0.0903333333333
0.0913333333333
0.0906666666667
0.0893333333333
0.093
0.0916666666667
0.0906666666667
0.0903333333333
0.091
0.0896666666667
0.092
0.0906666666667
0.0896666666667
0.0903333333333
0.0903333333333
0.0906666666667
0.0886666666667
0.0933333333333
0.0916666666667
0.091
0.0916666666667
0.091
0.0903333333333
0.0896666666667
0.0913333333333
0.092
0.091
0.0906666666667
0.091
0.0926666666667
0.0933333333333
0.09
0.0906666666667
0.0893333333333
0.0906666666667
0.0913333333333
0.0893333333333
0.09
0.0906666666667
0.093
0.0906666666667
0.09
0.0913333333333
0.091
0.091
0.0896666666667
0.0903333333333
0.0896666666667
0.092
0.093
0.0916666666667
0.092
0.0903333333333
0.0913333333333
0.09
0.0893333333333
0.092
0.0916666666667
0.0913333333333
0.091
0.0886666666667
0.091
0.092
0.09
0.091
0.0916666666667
0.0916666666667
0.0913333333333
0.0916666666667
0.0903333333333
0.0906666666667
0.094
0.0906666666667
0.09
0.0896666666667
0.091
0.091
0.0926666666667
0.0946666666667
0.0893333333333
0.091
0.092
0.0923333333333
0.0903333333333
0.09
0.0916666666667
0.09
0.093
0.0916666666667
0.0906666666667
0.0916666666667
0.0913333333333
0.0906666666667
0.0906666666667
0.0923333333333
0.0913333333333
0.0926666666667
0.0906666666667
0.0903333333333
0.0903333333333
0.0923333333333
0.091
0.09
0.0916666666667
0.091
0.09
0.09
0.09
0.09
0.0893333333333
0.092
0.09
0.092
0.0893333333333
0.092
0.0903333333333
0.0933333333333
0.0916666666667
0.09
0.0916666666667
0.092
0.0903333333333
0.091
0.0936666666667
0.092
0.0906666666667
0.0903333333333
0.0906666666667
0.091
0.091
0.0913333333333
0.09
0.0896666666667
0.09
0.0906666666667
0.091
0.089
0.0916666666667
0.0906666666667
0.0906666666667
0.091
0.0906666666667
0.0913333333333
0.0923333333333
0.0916666666667
0.0906666666667
0.0906666666667
0.0926666666667
0.0926666666667
0.09
0.09
0.0916666666667
0.0913333333333
0.091
0.0923333333333
0.092
0.0903333333333
0.0903333333333
0.0906666666667
0.09
0.091
0.0903333333333
0.0913333333333
0.0913333333333
0.0903333333333
0.0933333333333
0.0903333333333
0.0903333333333
0.0913333333333
0.0906666666667
0.0916666666667
0.092
0.0893333333333
0.092
0.092
0.0916666666667
0.0906666666667
0.0913333333333
0.09
0.0906666666667
0.091
0.09
0.0903333333333
0.0903333333333
0.09
0.0903333333333
0.0916666666667
0.0893333333333
0.089
0.0916666666667
0.0913333333333
0.0906666666667
0.0916666666667
0.0906666666667
0.095
0.09
0.0906666666667
0.092
0.0913333333333
0.0916666666667
0.0903333333333
