0.493
0.097
0.282
0.099
0.205
0.093
0.102
0.111
0.153
0.096
0.096
0.095
0.097
0.102
0.092
0.196
0.094
0.221
0.098
0.098
0.103
0.087
0.096
0.1
0.097
0.1
0.124
0.116
0.113
0.147
0.102
0.114
0.166
0.101
0.101
0.098
0.099
0.246
0.167
0.098
0.098
0.129
0.098
0.1
0.104
0.099
0.236
0.093
0.101
0.133
0.134
0.116
0.104
0.102
0.108
0.108
0.1
0.104
0.27
0.18
0.171
0.184
0.106
0.119
0.115
0.112
0.112
0.144
0.118
0.101
0.134
0.115
0.101
0.098
0.098
0.15
0.133
0.097
0.126
0.103
0.089
0.114
0.1
0.15
0.266
0.101
0.092
0.092
0.168
0.212
0.096
0.097
0.104
0.099
0.108
0.132
0.137
0.153
0.1
0.234
0.098
0.203
0.197
0.099
0.247
0.095
0.107
0.26
0.1
0.097
0.135
0.097
0.097
0.096
0.133
0.162
0.227
0.168
0.101
0.281
0.113
0.14
0.096
0.095
0.098
0.194
0.1
0.101
0.1
0.104
0.098
0.102
0.115
0.096
0.096
0.189
0.098
0.172
0.092
0.1
0.179
0.177
0.202
0.096
0.118
0.133
0.091
0.091
0.092
0.283
0.113
0.117
0.13
0.098
0.179
0.108
0.096
0.1
0.09
0.09
0.089
0.208
0.097
0.1
0.098
0.123
0.105
0.101
0.22
0.19
0.093
0.088
0.098
0.194
0.1
0.127
0.347
0.098
0.105
0.132
0.097
0.091
0.1
0.101
0.1
0.09
0.099
0.155
0.116
0.103
0.097
0.115
0.115
0.105
0.104
0.087
0.096
0.089
0.1
0.097
0.102
0.101
0.258
0.102
0.105
0.176
0.113
0.095
0.183
0.1
0.189
0.1
0.101
0.183
0.101
0.1
0.095
0.091
0.097
0.208
0.097
0.09
0.098
0.096
0.151
0.116
0.138
0.099
0.088
0.091
0.101
0.098
0.243
0.088
0.099
0.1
0.104
0.099
0.09
0.295
0.211
0.163
0.228
0.095
0.093
0.095
0.095
0.091
0.259
0.1
0.143
0.107
0.119
0.101
0.109
0.176
0.098
0.106
0.097
0.265
0.098
0.1
0.121
0.104
0.091
0.172
0.159
0.157
0.099
0.109
0.115
0.102
0.156
0.164
0.1
0.215
0.239
0.1
0.103
0.104
0.098
0.101
0.108
0.099
0.15
0.122
0.101
0.096
0.093
0.094
0.102
0.098
0.378
0.097
0.202
0.09
0.092
0.234
0.147
0.183
0.09
0.203
0.287
0.104
0.136
0.107
0.095
0.087
0.208
0.094
0.137
0.114
0.102
0.114
0.09
0.115
0.101
0.274
0.101
0.157
0.097
0.167
0.15
0.184
0.101
0.111
0.112
0.106
0.113
0.095
0.221
0.093
0.181
0.093
0.107
0.254
0.103
0.098
0.097
0.093
0.248
0.191
0.1
0.091
0.096
0.097
0.121
0.113
0.107
0.096
0.129
0.091
0.186
0.234
0.098
0.094
0.098
0.201
0.087
0.095
0.098
0.099
0.176
0.101
0.099
0.103
0.14
0.1
0.107
0.117
0.103
0.401
0.101
0.101
0.227
0.126
0.111
0.184
0.254
0.099
0.098
0.093
0.226
0.218
0.1
0.104
0.132
0.144
0.107
0.153
0.161
0.101
0.09
0.214
0.093
0.249
0.09
0.092
0.234
0.093
0.096
0.101
0.19
0.175
0.105
0.101
0.099
0.091
0.301
0.159
0.098
0.1
0.19
0.229
0.088
0.093
0.093
0.091
0.099
0.098
0.089
0.264
0.254
0.104
0.113
0.101
0.154
0.154
0.1
0.098
0.095
0.098
0.145
0.335
0.132
0.092
0.153
0.103
0.102
0.107
0.177
0.139
0.094
0.099
0.096
0.264
0.101
0.183
0.232
0.095
0.1
0.154
0.153
0.326
0.098
0.129
0.12
0.1
0.19
0.101
0.102
0.118
0.097
0.205
0.101
0.1
0.101
0.184
0.254
0.091
0.097
0.198
0.093
0.102
0.105
0.17
0.148
0.171
0.097
0.226
0.101
0.097
0.166
0.181
0.102
0.101
0.131
0.136
0.103
0.092
0.131
0.095
0.13
0.098
0.093
0.101
0.224
0.097
0.127
0.104
0.105
0.1
0.218
0.097
0.157
0.098
0.247
0.239
0.101
0.098
0.089
0.203
0.237
0.214
0.091
0.193
0.23
0.206
0.206
0.094
0.098
0.232
0.101
0.101
0.092
0.098
0.198
0.19
0.097
0.104
0.097
0.1
0.135
0.104
0.218
0.096
0.219
0.093
0.1
0.106
0.119
0.1
0.096
0.156
0.109
0.154
0.128
0.13
0.134
0.108
0.1
0.099
0.195
0.098
0.254
0.098
0.093
0.095
0.096
0.096
0.102
0.103
0.144
0.106
0.101
0.1
0.097
0.254
0.098
0.093
0.104
0.194
0.094
0.091
0.095
0.106
0.109
0.104
0.185
0.099
0.099
0.145
0.13
0.096
0.113
0.127
0.101
0.156
0.138
0.121
0.097
0.264
0.1
0.101
0.098
0.098
0.098
0.228
0.097
0.23
0.092
0.169
0.096
0.099
0.192
0.097
0.097
0.178
0.267
0.093
0.198
0.09
0.096
0.125
0.101
0.1
0.098
0.244
0.1
0.098
0.1
0.102
0.097
0.104
0.338
0.108
0.098
0.087
0.129
0.103
0.1
0.089
0.099
0.108
0.14
0.101
0.176
0.098
0.095
0.096
0.093
0.226
0.103
0.1
0.165
0.101
0.09
0.101
0.197
0.161
0.097
0.234
0.187
0.101
0.14
0.101
0.086
0.09
0.233
0.102
0.101
0.195
0.16
0.097
0.247
0.097
0.094
0.169
0.165
0.1
0.102
0.098
0.168
0.11
0.098
0.101
0.268
0.1
0.102
0.098
0.1
0.101
0.098
0.171
0.137
0.131
0.102
0.13
0.097
0.206
0.137
0.142
0.116
0.111
0.139
0.129
0.104
0.197
0.096
0.101
0.19
0.092
0.101
0.098
0.446
0.098
0.138
0.123
0.164
0.181
0.102
0.106
0.145
0.131
0.265
0.099
0.121
0.172
0.18
0.113
0.1
0.095
0.181
0.085
0.16
0.129
0.101
0.212
0.238
0.248
0.097
0.093
0.093
0.154
0.136
0.099
0.245
0.182
0.19
0.087
0.376
0.093
0.1
0.097
0.168
0.198
0.124
0.125
0.158
0.116
0.307
0.15
0.13
0.119
0.137
0.183
0.099
0.216
0.098
0.095
0.122
0.1
0.099
0.156
0.24
0.233
0.172
0.091
0.093
0.27
0.236
0.212
0.242
0.258
0.091
0.092
0.093
0.231
0.181
0.184
0.205
0.09
0.206
0.095
0.162
0.098
0.097
0.098
0.099
0.188
0.092
0.098
0.096
0.168
0.122
0.254
0.1
0.097
0.144
0.1
0.15
0.175
0.283
0.237
0.103
0.141
0.102
0.105
0.096
0.15
0.088
0.09
0.097
0.178
0.194
0.22
0.097
0.101
0.097
0.092
0.176
0.093
0.1
0.089
0.089
0.104
0.106
0.14
0.137
0.1
0.097
0.098
0.095
0.088
0.09
0.096
0.089
0.1
0.088
0.248
0.091
0.226
0.103
0.238
0.097
0.093
0.233
0.235
0.094
0.207
0.237
0.098
0.205
0.099
0.174
0.101
0.1
0.18
0.089
0.099
0.094
0.093
0.129
0.098
0.196
0.099
0.254
0.182
0.108
0.101
0.101
0.105
0.235
0.188
0.185
0.096
0.099
0.091
0.225
0.192
0.093
0.09
0.162
0.252
0.119
0.089
0.106
0.102
0.099
0.102
0.102
0.173
0.28
0.115
0.114
0.1
0.213
0.1
0.115
0.104
0.1
0.192
0.147
0.239
0.097
0.237
0.3
0.099
0.095
0.203
0.095
0.102
0.23
0.1
0.103
0.113
0.103
0.098
0.191
0.251
0.098
0.091
0.102
0.197
0.144
0.119
0.102
0.155
0.105
0.143
0.123
0.109
0.119
0.128
0.123
0.099
0.1
0.099
0.087
0.092
0.089
0.09
0.1
0.125
0.091
0.172
0.105
0.182
0.1
0.096
0.129
0.141
0.102
0.143
0.161
0.11
0.101
0.127
0.108
0.103
0.097
0.18
0.232
0.181
0.216
0.094
0.1
0.103
0.103
0.16
0.1
0.102
0.097
0.1
0.194
0.094
0.104
0.108
0.105
0.093
0.108
0.12
0.268
0.109
0.181
0.141
0.092
0.172
0.103
0.098
0.098
0.112
0.104
0.259
0.104
0.104
0.099
0.191
0.098
0.092
