0.502333333333
0.0886666666667
0.288666666667
0.0973333333333
0.210666666667
0.0903333333333
0.106666666667
0.117
0.153333333333
0.088
0.095
0.0906666666667
0.0986666666667
0.0983333333333
0.0896666666667
0.2
0.09
0.206
0.0863333333333
0.088
0.109
0.0906666666667
0.0873333333333
0.089
0.0946666666667
0.0923333333333
0.131
0.104333333333
0.110666666667
0.144
0.114
0.122
0.161666666667
0.106666666667
0.091
0.087
0.09
0.238
0.168
0.0876666666667
0.101
0.122
0.0923333333333
0.0903333333333
0.0923333333333
0.0946666666667
0.220666666667
0.0896666666667
0.105333333333
0.137
0.128
0.113333333333
0.107666666667
0.113666666667
0.101
0.1
0.102
0.111
0.265333333333
0.179
0.172666666667
0.190666666667
0.116
0.132
0.116
0.119333333333
0.110333333333
0.135666666667
0.129666666667
0.0973333333333
0.141333333333
0.123
0.112666666667
0.088
0.0946666666667
0.149
0.124333333333
0.096
0.132333333333
0.0986666666667
0.0916666666667
0.116
0.106
0.150333333333
0.260333333333
0.0993333333333
0.0906666666667
0.0943333333333
0.166
0.201
0.0896666666667
0.103666666667
0.107666666667
0.100666666667
0.114
0.137
0.13
0.151
0.0893333333333
0.218
0.0873333333333
0.213
0.205333333333
0.092
0.236666666667
0.098
0.119666666667
0.252666666667
0.092
0.0996666666667
0.127333333333
0.095
0.103666666667
0.088
0.124666666667
0.159
0.206666666667
0.164333333333
0.094
0.276333333333
0.121333333333
0.134666666667
0.098
0.096
0.0946666666667
0.202
0.0896666666667
0.091
0.093
0.109666666667
0.088
0.092
0.122
0.0956666666667
0.087
0.197
0.0953333333333
0.168333333333
0.0916666666667
0.0893333333333
0.177
0.174
0.209
0.0956666666667
0.115666666667
0.124333333333
0.0936666666667
0.0926666666667
0.096
0.290666666667
0.121
0.125333333333
0.123
0.0873333333333
0.182666666667
0.116333333333
0.095
0.0923333333333
0.0896666666667
0.0903333333333
0.094
0.198
0.088
0.0896666666667
0.0883333333333
0.111
0.112666666667
0.104
0.204666666667
0.193666666667
0.0883333333333
0.092
0.09
0.183
0.091
0.114
0.369666666667
0.101666666667
0.112666666667
0.136666666667
0.091
0.0916666666667
0.094
0.104
0.09
0.0896666666667
0.087
0.154
0.124333333333
0.109666666667
0.095
0.112333333333
0.118666666667
0.111333333333
0.0983333333333
0.0913333333333
0.088
0.0896666666667
0.100333333333
0.09
0.0983333333333
0.107333333333
0.253666666667
0.114
0.113
0.172
0.115333333333
0.0876666666667
0.184
0.105
0.192333333333
0.0893333333333
0.0883333333333
0.188333333333
0.0936666666667
0.092
0.0883333333333
0.0936666666667
0.0876666666667
0.220333333333
0.0916666666667
0.0906666666667
0.0873333333333
0.0973333333333
0.147666666667
0.125333333333
0.128666666667
0.0876666666667
0.0903333333333
0.0916666666667
0.108
0.088
0.231333333333
0.09
0.093
0.089
0.0916666666667
0.087
0.0936666666667
0.301333333333
0.224333333333
0.159666666667
0.236333333333
0.0883333333333
0.0956666666667
0.097
0.0966666666667
0.0956666666667
0.253
0.0926666666667
0.136666666667
0.117
0.115666666667
0.0936666666667
0.1
0.170666666667
0.0903333333333
0.0993333333333
0.0926666666667
0.262
0.102
0.0913333333333
0.113333333333
0.0993333333333
0.0896666666667
0.169666666667
0.158333333333
0.157333333333
0.102
0.104666666667
0.125
0.095
0.155666666667
0.169333333333
0.0903333333333
0.225
0.250666666667
0.105333333333
0.0923333333333
0.109
0.093
0.0986666666667
0.118333333333
0.0976666666667
0.145
0.128
0.0893333333333
0.095
0.0903333333333
0.089
0.0933333333333
0.09
0.394
0.094
0.208666666667
0.0906666666667
0.0886666666667
0.219666666667
0.142
0.184333333333
0.09
0.210333333333
0.278333333333
0.111666666667
0.143666666667
0.106666666667
0.095
0.093
0.221666666667
0.0943333333333
0.143333333333
0.122666666667
0.0993333333333
0.12
0.0946666666667
0.124
0.107333333333
0.270333333333
0.0923333333333
0.154666666667
0.096
0.170666666667
0.150333333333
0.186333333333
0.0896666666667
0.111333333333
0.116666666667
0.1
0.112666666667
0.0916666666667
0.206
0.0913333333333
0.178666666667
0.0956666666667
0.099
0.248
0.11
0.0943333333333
0.089
0.09
0.241666666667
0.195666666667
0.092
0.0963333333333
0.0913333333333
0.091
0.132
0.119333333333
0.0996666666667
0.0966666666667
0.134666666667
0.0976666666667
0.192333333333
0.240666666667
0.0886666666667
0.088
0.0923333333333
0.206
0.0916666666667
0.0866666666667
0.0926666666667
0.0946666666667
0.174
0.106666666667
0.103666666667
0.109666666667
0.133666666667
0.09
0.113333333333
0.125
0.111
0.419
0.105
0.089
0.207
0.132333333333
0.116333333333
0.186666666667
0.243
0.089
0.094
0.0913333333333
0.210333333333
0.203
0.0913333333333
0.11
0.123666666667
0.137
0.115333333333
0.143
0.16
0.0923333333333
0.0946666666667
0.201
0.0896666666667
0.241333333333
0.0936666666667
0.0906666666667
0.22
0.0926666666667
0.0886666666667
0.101
0.193333333333
0.170333333333
0.116333333333
0.109
0.09
0.0933333333333
0.292666666667
0.158333333333
0.101666666667
0.0896666666667
0.182
0.215
0.0943333333333
0.0926666666667
0.0913333333333
0.091
0.0893333333333
0.0883333333333
0.093
0.270666666667
0.249333333333
0.113666666667
0.119666666667
0.110666666667
0.150666666667
0.149666666667
0.104333333333
0.0943333333333
0.09
0.0873333333333
0.141666666667
0.352
0.139666666667
0.0886666666667
0.154666666667
0.11
0.113333333333
0.1
0.174
0.13
0.0896666666667
0.0916666666667
0.0883333333333
0.259333333333
0.107333333333
0.183333333333
0.239666666667
0.09
0.0896666666667
0.150333333333
0.151
0.341
0.099
0.122666666667
0.117
0.092
0.193
0.102333333333
0.113333333333
0.110666666667
0.0946666666667
0.219
0.0913333333333
0.09
0.091
0.189
0.246666666667
0.0953333333333
0.088
0.185333333333
0.0883333333333
0.098
0.108666666667
0.171333333333
0.144666666667
0.169
0.0876666666667
0.235333333333
0.0883333333333
0.095
0.165666666667
0.189
0.101666666667
0.111
0.138666666667
0.141333333333
0.0906666666667
0.0943333333333
0.137333333333
0.0973333333333
0.123
0.087
0.091
0.0976666666667
0.209333333333
0.089
0.115
0.112
0.114666666667
0.089
0.231333333333
0.088
0.155666666667
0.103666666667
0.260666666667
0.226
0.0896666666667
0.0866666666667
0.091
0.213333333333
0.225666666667
0.199666666667
0.0933333333333
0.200333333333
0.213666666667
0.191666666667
0.217666666667
0.0876666666667
0.092
0.215666666667
0.0896666666667
0.094
0.0916666666667
0.0956666666667
0.185
0.195
0.0943333333333
0.111333333333
0.0956666666667
0.103
0.139333333333
0.091
0.222666666667
0.094
0.226666666667
0.0896666666667
0.0893333333333
0.111666666667
0.124
0.093
0.104
0.154
0.110666666667
0.155
0.118333333333
0.124
0.125333333333
0.116666666667
0.105
0.103
0.201
0.0866666666667
0.245666666667
0.0886666666667
0.0906666666667
0.0903333333333
0.092
0.0926666666667
0.0986666666667
0.106
0.136333333333
0.115
0.107
0.091
0.0946666666667
0.246333333333
0.094
0.0896666666667
0.102333333333
0.185666666667
0.0893333333333
0.098
0.0883333333333
0.0986666666667
0.102666666667
0.0893333333333
0.186666666667
0.092
0.0866666666667
0.142333333333
0.123
0.088
0.120333333333
0.135
0.099
0.153666666667
0.142333333333
0.111666666667
0.0926666666667
0.26
0.0903333333333
0.105
0.0916666666667
0.0943333333333
0.0973333333333
0.212333333333
0.087
0.214
0.0923333333333
0.169333333333
0.0953333333333
0.094
0.183666666667
0.095
0.09
0.174
0.272333333333
0.093
0.185333333333
0.091
0.0866666666667
0.134666666667
0.105666666667
0.0896666666667
0.087
0.232666666667
0.091
0.0913333333333
0.102333333333
0.0943333333333
0.089
0.113333333333
0.353666666667
0.121666666667
0.0906666666667
0.093
0.122666666667
0.0933333333333
0.0943333333333
0.0906666666667
0.0896666666667
0.113333333333
0.129333333333
0.0986666666667
0.173
0.097
0.0916666666667
0.086
0.09
0.21
0.108
0.092
0.160666666667
0.0893333333333
0.0913333333333
0.102
0.204666666667
0.156
0.0976666666667
0.217
0.177
0.0906666666667
0.133333333333
0.107
0.093
0.096
0.219333333333
0.107666666667
0.09
0.2
0.157333333333
0.0973333333333
0.236666666667
0.0896666666667
0.089
0.163333333333
0.159666666667
0.104666666667
0.0993333333333
0.102
0.171666666667
0.118333333333
0.101666666667
0.0893333333333
0.264
0.093
0.108
0.092
0.0893333333333
0.088
0.0873333333333
0.168333333333
0.130666666667
0.125
0.0923333333333
0.120666666667
0.0873333333333
0.208
0.128333333333
0.146666666667
0.103333333333
0.1
0.130333333333
0.136
0.108333333333
0.202333333333
0.0933333333333
0.0986666666667
0.19
0.0953333333333
0.0903333333333
0.0926666666667
0.462
0.0973333333333
0.131666666667
0.114
0.162666666667
0.18
0.0923333333333
0.113333333333
0.149666666667
0.139
0.262
0.0986666666667
0.130333333333
0.170333333333
0.178
0.120333333333
0.0913333333333
0.0963333333333
0.180333333333
0.0926666666667
0.158666666667
0.115
0.107666666667
0.226
0.227666666667
0.242666666667
0.104
0.0913333333333
0.094
0.151
0.140666666667
0.0913333333333
0.258333333333
0.174666666667
0.180333333333
0.0916666666667
0.359
0.0906666666667
0.088
0.094
0.163666666667
0.207333333333
0.121333333333
0.115
0.157666666667
0.111666666667
0.324
0.152666666667
0.118333333333
0.111333333333
0.131
0.187
0.0946666666667
0.229666666667
0.0923333333333
0.0883333333333
0.112
0.102666666667
0.0913333333333
0.153333333333
0.226333333333
0.222666666667
0.173333333333
0.0913333333333
0.0983333333333
0.274666666667
0.223666666667
0.223
0.233666666667
0.266333333333
0.0933333333333
0.0943333333333
0.094
0.215666666667
0.175333333333
0.187
0.209333333333
0.09
0.191
0.0913333333333
0.160333333333
0.0943333333333
0.092
0.086
0.0976666666667
0.179333333333
0.0963333333333
0.0963333333333
0.0873333333333
0.162333333333
0.118
0.246333333333
0.092
0.096
0.133333333333
0.105333333333
0.149666666667
0.171666666667
0.290666666667
0.244333333333
0.110333333333
0.144666666667
0.100666666667
0.0986666666667
0.095
0.150666666667
0.0903333333333
0.0896666666667
0.0913333333333
0.173333333333
0.185666666667
0.204
0.0876666666667
0.094
0.0856666666667
0.0926666666667
0.174
0.0936666666667
0.0976666666667
0.091
0.0903333333333
0.110333333333
0.118
0.135666666667
0.129333333333
0.096
0.103666666667
0.0886666666667
0.0923333333333
0.0893333333333
0.0903333333333
0.091
0.0903333333333
0.0923333333333
0.0906666666667
0.259666666667
0.0936666666667
0.209333333333
0.1
0.223333333333
0.0876666666667
0.093
0.216666666667
0.221
0.09
0.220333333333
0.248
0.0876666666667
0.211333333333
0.0943333333333
0.174333333333
0.108
0.0976666666667
0.175333333333
0.092
0.096
0.094
0.0903333333333
0.123333333333
0.102666666667
0.206666666667
0.105
0.241666666667
0.172666666667
0.103666666667
0.092
0.106
0.111333333333
0.222
0.195
0.191666666667
0.091
0.0913333333333
0.091
0.208
0.196666666667
0.0923333333333
0.092
0.159333333333
0.240333333333
0.104666666667
0.094
0.0986666666667
0.108666666667
0.101333333333
0.0936666666667
0.113666666667
0.177
0.278666666667
0.123666666667
0.111
0.0923333333333
0.200333333333
0.101
0.121333333333
0.113
0.0886666666667
0.196333333333
0.137666666667
0.222
0.0956666666667
0.226
0.313
0.0893333333333
0.0903333333333
0.211666666667
0.0863333333333
0.089
0.237333333333
0.0913333333333
0.0903333333333
0.120666666667
0.107666666667
0.104333333333
0.197333333333
0.244333333333
0.0896666666667
0.091
0.0933333333333
0.205
0.134666666667
0.124
0.108333333333
0.155
0.0996666666667
0.135333333333
0.134333333333
0.122333333333
0.129666666667
0.134666666667
0.130666666667
0.102333333333
0.09
0.0996666666667
0.091
0.094
0.0903333333333
0.089
0.0893333333333
0.114
0.0943333333333
0.169
0.111
0.183333333333
0.105
0.0923333333333
0.139
0.135666666667
0.089
0.148
0.157
0.11
0.105
0.135
0.099
0.110666666667
0.096
0.18
0.238333333333
0.181333333333
0.225666666667
0.09
0.106
0.114333333333
0.089
0.158666666667
0.0916666666667
0.110333333333
0.0943333333333
0.0926666666667
0.2
0.095
0.099
0.105333333333
0.0986666666667
0.0903333333333
0.116666666667
0.110333333333
0.264666666667
0.116666666667
0.175
0.145666666667
0.0933333333333
0.167333333333
0.0983333333333
0.094
0.0996666666667
0.116333333333
0.111
0.266333333333
0.113333333333
0.112333333333
0.0873333333333
0.182
0.0893333333333
0.095
