0.461
0.1435
0.0925
0.1045
0.096
0.137
0.142
0.1045
0.0925
0.099
0.3385
0.0905
0.0945
0.1365
0.0945
0.1145
0.258
0.1025
0.0935
0.1075
0.096
0.128
0.1075
0.163
0.1645
0.0885
0.0995
0.2325
0.089
0.1915
0.0945
0.2325
0.11
0.1715
0.1975
0.142
0.1015
0.12
0.0935
0.0895
0.1475
0.123
0.095
0.2455
0.0935
0.1
0.1735
0.2155
0.2575
0.0875
0.0895
0.1475
0.0895
0.0945
0.1045
0.093
0.0925
0.1265
0.0955
0.239
0.089
0.0905
0.102
0.091
0.28
0.1275
0.0895
0.0895
0.285
0.1815
0.1345
0.1505
0.0915
0.106
0.3145
0.092
0.114
0.111
0.1095
0.137
0.1655
0.272
0.1835
0.1055
0.11
0.0935
0.1175
0.1095
0.104
0.091
0.0875
0.175
0.153
0.106
0.1455
0.0915
0.128
0.099
0.114
0.1035
0.0955
0.0905
0.091
0.1585
0.0905
0.0915
0.0905
0.227
0.133
0.109
0.2225
0.089
0.0935
0.1115
0.1015
0.1005
0.0885
0.101
0.199
0.107
0.101
0.1625
0.1535
0.1845
0.1395
0.1495
0.097
0.152
0.154
0.09
0.101
0.0895
0.15
0.098
0.144
0.145
0.126
0.1235
0.22
0.125
0.1715
0.1135
0.1245
0.137
0.163
0.1075
0.2615
0.121
0.0955
0.0915
0.089
0.1065
0.093
0.1255
0.264
0.0945
0.1235
0.1225
0.151
0.118
0.165
0.141
0.136
0.088
0.1885
0.102
0.134
0.1305
0.1155
0.1385
0.166
0.088
0.107
0.088
0.1035
0.1085
0.1095
0.101
0.1
0.1035
0.114
0.1115
0.0885
0.0875
0.133
0.0895
0.092
0.142
0.1405
0.1885
0.1585
0.1135
0.1145
0.1035
0.113
0.121
0.104
0.2885
0.106
0.1195
0.125
0.1715
0.2815
0.1055
0.0875
0.091
0.102
0.109
0.156
0.088
0.229
0.09
0.0935
0.106
0.137
0.144
0.0895
0.11
0.14
0.1025
0.1365
0.138
0.113
0.2275
0.091
0.107
0.0945
0.092
0.1605
0.1465
0.0885
0.1045
0.1135
0.099
0.11
0.1065
0.102
0.111
0.089
0.097
0.094
0.1035
0.102
0.1185
0.1265
0.141
0.139
0.0905
0.219
0.0905
0.0955
0.171
0.103
0.125
0.1655
0.149
0.1025
0.2585
0.098
0.125
0.1345
0.236
0.1435
0.1135
0.1545
0.091
0.094
0.0895
0.1135
0.089
0.15
0.0905
0.167
0.105
0.1085
0.0945
0.0945
0.122
0.177
0.131
0.09
0.106
0.091
0.123
0.1015
0.1255
0.0985
0.094
0.288
0.2475
0.0945
0.1105
0.1235
0.153
0.1025
0.105
0.1155
0.4075
0.118
0.2735
0.0905
0.24
0.1095
0.1025
0.0905
0.191
0.0965
0.101
0.0905
0.106
0.241
0.1585
0.0935
0.2685
0.1175
0.112
0.1015
0.1605
0.106
0.104
0.096
0.1475
0.103
0.095
0.23
0.1475
0.106
0.0935
0.0915
0.17
0.093
0.213
0.098
0.0925
0.0995
0.099
0.088
0.262
0.1345
0.089
0.121
0.0935
0.0895
0.091
0.0985
0.105
0.101
0.09
0.097
0.1335
0.1805
0.1525
0.122
0.1435
0.169
0.153
0.091
0.091
0.095
0.24
0.1165
0.1565
0.093
0.156
0.26
0.09
0.1785
0.0885
0.0895
0.09
0.092
0.1545
0.0945
0.097
0.1435
0.0915
0.1445
0.0955
0.1015
0.2815
0.2035
0.092
0.3155
0.094
0.1055
0.2255
0.115
0.093
0.263
0.107
0.0965
0.141
0.1675
0.1175
0.0885
0.124
0.09
0.091
0.1075
0.1105
0.1055
0.094
0.1555
0.1165
0.1055
0.148
0.2515
0.1085
0.1285
0.1125
0.1095
0.2295
0.0995
0.2625
0.3405
0.1615
0.102
0.151
0.102
0.094
0.0925
0.129
0.1085
0.228
0.091
0.103
0.0895
0.092
0.095
0.217
0.0945
0.0955
0.1105
0.0935
0.0955
0.093
0.1155
0.111
0.089
0.0945
0.175
0.0935
0.18
0.131
0.113
0.1505
0.157
0.183
0.1285
0.0895
0.1775
0.0895
0.1245
0.1005
0.109
0.158
0.168
0.199
0.1295
0.2305
0.1375
0.0905
0.105
0.1035
0.146
0.0905
0.0995
0.1525
0.112
0.1165
0.258
0.091
0.09
0.0965
0.0885
0.1025
0.1045
0.0875
0.106
0.132
0.097
0.1545
0.107
0.179
0.152
0.151
0.132
0.16
0.153
0.119
0.102
0.103
0.0885
0.0905
0.141
0.1275
0.127
0.089
0.2295
0.093
0.119
0.088
0.0895
0.0885
0.109
0.088
0.097
0.1
0.2245
0.1065
0.114
0.0895
0.095
0.0895
0.164
0.089
0.1745
0.111
0.1435
0.0905
0.091
0.0905
0.102
0.0895
0.1455
0.0945
0.1
0.116
0.194
0.091
0.1
0.1415
0.094
0.0955
0.091
0.143
0.1765
0.0915
0.2015
0.0955
0.19
0.1055
0.0985
0.111
0.1625
0.1645
0.1295
0.163
0.116
0.1095
0.1025
0.103
0.0925
0.1015
0.1475
0.096
0.0935
0.1085
0.1415
0.1035
0.1505
0.129
0.097
0.152
0.1075
0.1015
0.097
0.108
0.1145
0.0925
0.0915
0.263
0.099
0.094
0.108
0.1015
0.11
0.095
0.139
0.095
0.1005
0.116
0.122
0.0945
0.093
0.167
0.0965
0.089
0.0905
0.1355
0.1715
0.111
0.142
0.0885
0.094
0.124
0.0935
0.107
0.0905
0.0995
0.087
0.092
0.1025
0.127
0.1435
0.1135
0.135
0.092
0.1725
0.1505
0.124
0.091
0.0945
0.1605
0.0925
0.138
0.16
0.1005
0.149
0.2845
0.0905
0.222
0.163
0.126
0.105
0.129
0.1005
0.1435
0.098
0.096
0.1735
0.0895
0.09
0.1465
0.097
0.1005
0.123
0.0885
0.17
0.0945
0.093
0.1095
0.1295
0.0925
0.1145
0.1515
0.0925
0.1005
0.09
0.208
0.2065
0.087
0.1495
0.1095
0.1165
0.0935
0.371
0.135
0.091
0.1675
0.1375
0.093
0.153
0.104
0.095
0.149
0.104
0.2865
0.1065
0.1835
0.23
0.181
0.1465
0.1025
0.1005
0.0895
0.2795
0.3015
0.09
0.09
0.1025
0.0955
0.132
0.107
0.1805
0.1985
0.214
0.1475
0.108
0.1015
0.0995
0.1165
0.124
0.095
0.106
0.0895
0.1325
0.0885
0.2035
0.098
0.1355
0.1025
0.1045
0.186
0.09
0.096
0.1755
0.1035
0.101
0.109
0.2815
0.1215
0.0975
0.0965
0.26
0.212
0.2155
0.095
0.1095
0.226
0.1175
0.108
0.139
0.1515
0.135
0.098
0.104
0.148
0.0915
0.0905
0.1105
0.245
0.1055
0.137
0.099
0.241
0.1075
0.0885
0.0985
0.108
0.1325
0.1225
0.109
0.106
0.101
0.0925
0.179
0.0925
0.19
0.09
0.092
0.088
0.127
0.184
0.229
0.124
0.1135
0.1115
0.0935
0.101
0.098
0.102
0.0895
0.182
0.103
0.1025
0.093
0.2555
0.1005
0.124
0.1175
0.1215
0.1105
0.0905
0.1315
0.1025
0.09
0.2375
0.0905
0.103
0.195
0.1025
0.0885
0.202
0.189
0.1
0.091
0.094
0.2485
0.0985
0.1535
0.1665
0.0925
0.2655
0.168
0.11
0.094
0.0935
0.0925
0.094
0.106
0.1025
0.102
0.153
0.106
0.1065
0.104
0.0965
0.175
0.123
0.0895
0.105
0.36
0.106
0.224
0.1235
0.0875
0.09
0.09
0.1795
0.111
0.0885
0.192
0.114
0.1235
0.095
0.236
0.2055
0.101
0.089
0.211
0.176
0.1045
0.095
0.101
0.1115
0.11
0.1665
0.095
0.1035
0.0955
0.1485
0.103
0.0945
0.091
0.0955
0.09
0.107
0.0895
0.114
0.105
0.1215
0.1305
0.0935
0.09
0.25
0.281
0.0905
0.156
0.093
0.0955
0.09
0.1285
0.0905
0.097
0.0915
0.334
0.0935
0.098
0.1045
0.091
0.2185
0.243
0.0995
0.1
0.1085
0.116
0.0895
0.095
0.132
0.091
0.246
0.0885
0.15
0.091
0.11
0.127
0.1075
0.0975
0.1795
0.0905
0.092
0.107
0.143
0.1315
0.102
0.1075
0.095
0.1215
0.1655
0.297
0.1045
0.1905
0.1055
0.2355
0.098
0.09
0.0895
0.113
0.1675
0.1005
0.24
0.1085
0.0945
0.1105
0.0905
0.0885
0.1095
0.0895
0.103
0.1015
0.1105
0.1115
0.1085
0.2735
0.091
0.1455
0.122
0.1065
0.149
0.1035
0.1005
0.093
0.11
0.1045
0.0895
0.104
0.2105
0.1265
0.0965
0.146
0.0885
0.104
0.122
0.1075
0.1095
0.1205
0.1085
0.106
0.2635
0.2055
0.0925
0.1125
0.1175
0.198
0.1145
0.1075
0.13
0.1035
0.1195
0.091
0.182
0.099
0.1915
0.097
0.2575
0.2155
0.088
0.1075
0.1435
0.124
0.1165
0.0905
0.0945
0.0955
0.103
0.1085
0.105
0.1695
0.0935
0.119
0.1005
0.087
0.1695
0.1035
0.1205
0.105
0.1785
0.1075
0.1065
0.105
0.147
0.1415
0.0895
0.094
0.0895
0.148
0.1005
0.1135
0.1025
