0.4755
0.138
0.094
0.111
0.092
0.1415
0.1395
0.1115
0.099
0.097
0.308
0.094
0.0945
0.142
0.098
0.1285
0.2315
0.1125
0.098
0.103
0.1035
0.1385
0.1185
0.1575
0.159
0.09
0.096
0.2185
0.0905
0.191
0.0975
0.2175
0.117
0.1725
0.1925
0.1365
0.1105
0.1135
0.0975
0.0965
0.1445
0.134
0.103
0.244
0.104
0.1035
0.173
0.205
0.2565
0.0935
0.094
0.1475
0.0945
0.097
0.109
0.096
0.0925
0.1195
0.101
0.2395
0.093
0.0895
0.098
0.0935
0.2745
0.1215
0.0905
0.0965
0.2825
0.1785
0.126
0.152
0.095
0.1055
0.288
0.0935
0.126
0.111
0.1175
0.129
0.165
0.246
0.184
0.112
0.1095
0.0975
0.1285
0.1255
0.099
0.093
0.091
0.1735
0.1555
0.104
0.1425
0.095
0.1215
0.108
0.1275
0.1125
0.1005
0.0915
0.0955
0.162
0.095
0.095
0.099
0.2315
0.1275
0.12
0.227
0.093
0.0985
0.1215
0.098
0.0985
0.091
0.099
0.1925
0.115
0.097
0.163
0.157
0.1835
0.1415
0.1505
0.1035
0.157
0.155
0.091
0.0995
0.0905
0.1505
0.0935
0.1465
0.139
0.12
0.1335
0.2045
0.134
0.1645
0.125
0.1195
0.1455
0.1575
0.104
0.2375
0.132
0.0995
0.092
0.0955
0.1155
0.097
0.118
0.2665
0.0995
0.119
0.133
0.155
0.113
0.1595
0.1465
0.143
0.0965
0.19
0.099
0.14
0.139
0.1265
0.1405
0.161
0.091
0.1075
0.0925
0.113
0.105
0.108
0.096
0.097
0.099
0.1275
0.1205
0.092
0.0925
0.126
0.094
0.0945
0.149
0.1445
0.1875
0.1575
0.11
0.126
0.114
0.1245
0.13
0.0995
0.2865
0.1045
0.128
0.117
0.172
0.2765
0.116
0.093
0.093
0.1105
0.117
0.1595
0.093
0.22
0.0945
0.1005
0.1045
0.13
0.144
0.0945
0.1075
0.1405
0.0975
0.13
0.142
0.1255
0.232
0.0955
0.1185
0.0975
0.093
0.156
0.1445
0.0925
0.1025
0.1235
0.104
0.121
0.1155
0.11
0.108
0.095
0.0925
0.0935
0.108
0.099
0.1305
0.134
0.147
0.1445
0.0975
0.208
0.0905
0.104
0.168
0.1115
0.1175
0.166
0.151
0.11
0.233
0.107
0.1365
0.125
0.2195
0.148
0.123
0.1555
0.097
0.0935
0.098
0.1225
0.092
0.1485
0.0945
0.167
0.1145
0.108
0.0985
0.0945
0.132
0.1695
0.1245
0.092
0.117
0.093
0.13
0.0975
0.136
0.1055
0.0965
0.2835
0.226
0.099
0.1095
0.1285
0.1565
0.109
0.102
0.1145
0.379
0.113
0.27
0.0915
0.2215
0.119
0.0985
0.0915
0.192
0.093
0.097
0.096
0.1155
0.2205
0.159
0.0975
0.246
0.1135
0.122
0.0995
0.158
0.102
0.0995
0.092
0.1495
0.107
0.0955
0.2185
0.149
0.1155
0.097
0.0915
0.173
0.0985
0.2145
0.092
0.0925
0.106
0.1065
0.093
0.2645
0.1275
0.0965
0.117
0.099
0.0955
0.0955
0.104
0.1115
0.1055
0.0935
0.1035
0.141
0.1745
0.153
0.1145
0.1465
0.17
0.157
0.0965
0.098
0.0995
0.222
0.1285
0.1585
0.0945
0.153
0.2615
0.096
0.178
0.095
0.092
0.093
0.095
0.1495
0.098
0.104
0.142
0.094
0.14
0.093
0.1
0.2555
0.202
0.0955
0.287
0.097
0.1185
0.206
0.1265
0.099
0.2645
0.116
0.0915
0.1445
0.1615
0.1125
0.091
0.135
0.096
0.0955
0.1045
0.1195
0.104
0.1
0.1575
0.127
0.116
0.1495
0.231
0.1055
0.1215
0.11
0.121
0.2175
0.0975
0.238
0.3125
0.158
0.0975
0.1525
0.1
0.094
0.0935
0.123
0.118
0.215
0.0955
0.108
0.0915
0.095
0.099
0.208
0.093
0.0955
0.125
0.098
0.101
0.095
0.1105
0.122
0.0915
0.0925
0.173
0.094
0.1695
0.1255
0.1245
0.149
0.155
0.18
0.136
0.091
0.1705
0.0915
0.1305
0.0955
0.1175
0.161
0.169
0.192
0.1395
0.218
0.132
0.099
0.1145
0.108
0.1465
0.091
0.098
0.1545
0.122
0.1285
0.26
0.096
0.0915
0.0985
0.09
0.098
0.115
0.0935
0.114
0.1405
0.092
0.1545
0.105
0.1775
0.1535
0.1525
0.1225
0.1625
0.1545
0.1295
0.111
0.1115
0.092
0.093
0.135
0.1205
0.12
0.0895
0.2165
0.0985
0.116
0.0965
0.091
0.0915
0.117
0.089
0.106
0.1075
0.2285
0.1155
0.128
0.0905
0.099
0.093
0.1665
0.091
0.174
0.1205
0.1505
0.0975
0.0955
0.091
0.0975
0.089
0.1465
0.0965
0.107
0.127
0.1925
0.094
0.101
0.141
0.0965
0.101
0.094
0.1405
0.1775
0.092
0.202
0.101
0.1885
0.116
0.106
0.118
0.159
0.1575
0.138
0.1615
0.1085
0.107
0.098
0.0985
0.0985
0.109
0.148
0.092
0.093
0.1175
0.135
0.1135
0.1485
0.122
0.1025
0.151
0.1175
0.097
0.094
0.116
0.1235
0.099
0.092
0.2355
0.0935
0.097
0.1225
0.105
0.1085
0.1
0.1315
0.1005
0.0965
0.128
0.132
0.0975
0.0985
0.166
0.1035
0.093
0.0945
0.1295
0.1685
0.11
0.145
0.0915
0.098
0.1185
0.097
0.1165
0.098
0.109
0.0915
0.0985
0.1075
0.1215
0.1425
0.1265
0.1275
0.094
0.1745
0.151
0.133
0.094
0.0995
0.1615
0.093
0.1315
0.1625
0.106
0.151
0.28
0.0935
0.224
0.165
0.1355
0.115
0.1405
0.1075
0.144
0.096
0.105
0.1675
0.089
0.0935
0.1455
0.0925
0.096
0.1285
0.0925
0.171
0.0925
0.0965
0.118
0.1235
0.094
0.1125
0.149
0.0915
0.108
0.0935
0.202
0.202
0.09
0.1495
0.1185
0.128
0.0955
0.346
0.1255
0.091
0.1675
0.1425
0.0965
0.1495
0.108
0.0995
0.1455
0.1115
0.284
0.1155
0.1755
0.2295
0.179
0.142
0.112
0.098
0.093
0.274
0.297
0.0955
0.0955
0.099
0.091
0.1375
0.1165
0.1815
0.1905
0.204
0.1495
0.1185
0.0985
0.0975
0.1075
0.1195
0.1025
0.113
0.091
0.127
0.0915
0.205
0.0925
0.128
0.1115
0.115
0.185
0.0935
0.092
0.173
0.0995
0.0965
0.1085
0.258
0.117
0.103
0.104
0.2345
0.213
0.2075
0.091
0.119
0.2115
0.1285
0.122
0.143
0.1535
0.142
0.097
0.0985
0.1485
0.098
0.091
0.1225
0.225
0.103
0.14
0.097
0.241
0.103
0.0915
0.1045
0.1175
0.1255
0.1335
0.117
0.1155
0.1095
0.097
0.1785
0.092
0.187
0.0905
0.0955
0.093
0.1365
0.179
0.2155
0.1155
0.107
0.1225
0.0975
0.097
0.1065
0.1105
0.0895
0.1755
0.113
0.1095
0.1015
0.258
0.0965
0.118
0.1105
0.131
0.1195
0.098
0.1405
0.11
0.0935
0.2415
0.0925
0.1125
0.1925
0.112
0.091
0.197
0.1855
0.0985
0.094
0.0945
0.2465
0.1025
0.1495
0.166
0.095
0.264
0.17
0.12
0.0975
0.098
0.093
0.0945
0.1145
0.0965
0.1095
0.156
0.1145
0.116
0.1135
0.0915
0.168
0.1155
0.0945
0.1135
0.334
0.115
0.2085
0.1315
0.092
0.09
0.0925
0.1685
0.1095
0.0915
0.1915
0.123
0.1155
0.103
0.2205
0.21
0.106
0.091
0.214
0.1745
0.1065
0.0975
0.098
0.123
0.11
0.162
0.0995
0.1115
0.1015
0.1455
0.101
0.0935
0.0935
0.1015
0.0935
0.117
0.0905
0.1275
0.114
0.1325
0.12
0.0965
0.0945
0.25
0.279
0.0935
0.159
0.097
0.091
0.091
0.1215
0.0925
0.1035
0.095
0.3065
0.0955
0.0925
0.1115
0.0985
0.2185
0.2225
0.1005
0.0985
0.1175
0.1265
0.0915
0.0915
0.139
0.095
0.246
0.0915
0.1495
0.095
0.1095
0.121
0.1155
0.1045
0.1785
0.091
0.093
0.1155
0.149
0.138
0.109
0.117
0.1
0.131
0.1655
0.291
0.1135
0.1825
0.1155
0.2165
0.0955
0.0925
0.091
0.1245
0.1675
0.1065
0.2415
0.117
0.101
0.1205
0.098
0.0955
0.1175
0.0925
0.098
0.0945
0.105
0.1215
0.1035
0.247
0.0955
0.1465
0.1325
0.112
0.1495
0.0975
0.0995
0.0985
0.124
0.1115
0.093
0.099
0.211
0.1375
0.093
0.1465
0.0905
0.102
0.119
0.1175
0.1215
0.114
0.104
0.1165
0.262
0.205
0.0965
0.1255
0.128
0.195
0.1135
0.102
0.121
0.0965
0.128
0.0945
0.177
0.1075
0.189
0.102
0.2575
0.2085
0.0925
0.1055
0.1425
0.1145
0.1285
0.0975
0.0955
0.101
0.109
0.12
0.1
0.162
0.098
0.11
0.1045
0.0915
0.168
0.0985
0.1145
0.102
0.1795
0.105
0.12
0.1045
0.1425
0.1445
0.0925
0.094
0.0935
0.1485
0.0965
0.123
0.1075
