0.305333333333
0.197333333333
0.263
0.108
0.125666666667
0.0986666666667
0.134666666667
0.107666666667
0.171333333333
0.313666666667
0.107666666667
0.131333333333
0.102
0.178333333333
0.0973333333333
0.126666666667
0.341333333333
0.111333333333
0.150333333333
0.233
0.120666666667
0.106
0.189666666667
0.156
0.101
0.132666666667
0.133666666667
0.123
0.0946666666667
0.133666666667
0.272666666667
0.102333333333
0.143666666667
0.12
0.130333333333
0.165666666667
0.118
0.0926666666667
0.0986666666667
0.101666666667
0.0996666666667
0.165666666667
0.125333333333
0.0966666666667
0.242666666667
0.215333333333
0.154333333333
0.108
0.123666666667
0.105666666667
0.108666666667
0.154333333333
0.103333333333
0.110666666667
0.154
0.105
0.104
0.118666666667
0.232666666667
0.0966666666667
0.101333333333
0.136
0.123
0.139
0.146333333333
0.114666666667
0.120333333333
0.136333333333
0.119666666667
0.160333333333
0.26
0.0926666666667
0.117666666667
0.156333333333
0.152
0.102666666667
0.103333333333
0.120666666667
0.166666666667
0.150333333333
0.139
0.166
0.313666666667
0.118333333333
0.100333333333
0.1
0.252
0.224333333333
0.193
0.240666666667
0.136333333333
0.097
0.100666666667
0.129666666667
0.149
0.123
0.112666666667
0.132333333333
0.160666666667
0.107666666667
0.111333333333
0.169333333333
0.114333333333
0.118666666667
0.132333333333
0.105666666667
0.0946666666667
0.141
0.0946666666667
0.095
0.191333333333
0.144666666667
0.126333333333
0.148
0.123
0.0996666666667
0.109333333333
0.242
0.123
0.120333333333
0.122333333333
0.1
0.131333333333
0.0956666666667
0.092
0.290333333333
0.102666666667
0.144
0.094
0.106
0.114333333333
0.140666666667
0.129333333333
0.0953333333333
0.125666666667
0.098
0.109666666667
0.175333333333
0.102333333333
0.136666666667
0.319
0.118333333333
0.188333333333
0.156
0.0943333333333
0.100333333333
0.124666666667
0.139666666667
0.0963333333333
0.202333333333
0.183666666667
0.112666666667
0.0923333333333
0.112666666667
0.145333333333
0.105333333333
0.096
0.097
0.101666666667
0.145
0.145
0.113333333333
0.103
0.115666666667
0.166333333333
0.118
0.11
0.121
0.096
0.143333333333
0.100333333333
0.376
0.381333333333
0.169333333333
0.252
0.101
0.0946666666667
0.111333333333
0.110666666667
0.095
0.282
0.0936666666667
0.124666666667
0.097
0.179333333333
0.136
0.152666666667
0.147666666667
0.0993333333333
0.189
0.103333333333
0.193666666667
0.096
0.111333333333
0.0943333333333
0.0953333333333
0.279
0.128
0.111333333333
0.149
0.102666666667
0.144333333333
0.122666666667
0.095
0.169666666667
0.094
0.13
0.156333333333
0.0993333333333
0.0973333333333
0.095
0.0953333333333
0.121666666667
0.0963333333333
0.248666666667
0.183333333333
0.0933333333333
0.116
0.1
0.097
0.109
0.139666666667
0.123666666667
0.260666666667
0.0943333333333
0.102666666667
0.169
0.0963333333333
0.0966666666667
0.224333333333
0.097
0.100333333333
0.213333333333
0.0933333333333
0.291333333333
0.0976666666667
0.101
0.1
0.128
0.121666666667
0.134
0.312333333333
0.0993333333333
0.106666666667
0.148
0.174333333333
0.272666666667
0.297
0.104333333333
0.0966666666667
0.0946666666667
0.193333333333
0.099
0.11
0.0946666666667
0.111666666667
0.133333333333
0.198
0.116
0.124333333333
0.097
0.114333333333
0.108666666667
0.098
0.125666666667
0.146666666667
0.107333333333
0.115666666667
0.0986666666667
0.12
0.146333333333
0.11
0.187
0.122333333333
0.117333333333
0.103333333333
0.146666666667
0.120333333333
0.110666666667
0.106666666667
0.115
0.0966666666667
0.181666666667
0.0993333333333
0.18
0.105
0.099
0.200333333333
0.321
0.172666666667
0.16
0.151333333333
0.134
0.136333333333
0.187333333333
0.167666666667
0.0966666666667
0.141666666667
0.109666666667
0.101666666667
0.110333333333
0.354666666667
0.145666666667
0.152666666667
0.18
0.203666666667
0.273333333333
0.117333333333
0.198666666667
0.0933333333333
0.13
0.113
0.122333333333
0.269333333333
0.115333333333
0.126
0.094
0.0993333333333
0.106666666667
0.125666666667
0.100666666667
0.0963333333333
0.096
0.0946666666667
0.104666666667
0.147
0.0933333333333
0.0963333333333
0.202666666667
0.108666666667
0.106666666667
0.0996666666667
0.171
0.145333333333
0.141
0.318666666667
0.292
0.0993333333333
0.125666666667
0.144333333333
0.112
0.103333333333
0.0976666666667
0.187
0.0963333333333
0.0963333333333
0.110666666667
0.368666666667
0.111666666667
0.132333333333
0.271
0.145666666667
0.16
0.3
0.116
0.156333333333
0.139666666667
0.135333333333
0.159333333333
0.331
0.135333333333
0.132333333333
0.164666666667
0.2
0.129666666667
0.178666666667
0.177
0.096
0.113666666667
0.319333333333
0.286333333333
0.143
0.109666666667
0.141666666667
0.204
0.110666666667
0.169333333333
0.180666666667
0.0983333333333
0.127666666667
0.104333333333
0.113333333333
0.265
0.0943333333333
0.154333333333
0.0936666666667
0.252333333333
0.0963333333333
0.0966666666667
0.274
0.0983333333333
0.112666666667
0.211333333333
0.112
0.095
0.115666666667
0.213
0.134666666667
0.105333333333
0.106
0.138666666667
0.104
0.094
0.094
0.095
0.104666666667
0.103333333333
0.148333333333
0.333333333333
0.177
0.0933333333333
0.0973333333333
0.132
0.120666666667
0.239333333333
0.0926666666667
0.132
0.102
0.13
0.127666666667
0.200333333333
0.190666666667
0.158666666667
0.122
0.143
0.135666666667
0.140333333333
0.103
0.100333333333
0.0926666666667
0.095
0.118
0.1
0.146666666667
0.117333333333
0.153333333333
0.107
0.111
0.171
0.123333333333
0.134666666667
0.120666666667
0.126
0.264
0.109333333333
0.118666666667
0.199666666667
0.101333333333
0.136
0.0956666666667
0.102666666667
0.0946666666667
0.099
0.094
0.174666666667
0.111666666667
0.126333333333
0.134666666667
0.120333333333
0.148
0.114666666667
0.0936666666667
0.123666666667
0.15
0.123
0.175333333333
0.099
0.105666666667
0.125
0.138333333333
0.162666666667
0.195333333333
0.097
0.103
0.103
0.195333333333
0.285666666667
0.100333333333
0.102666666667
0.121
0.139
0.130666666667
0.169666666667
0.0986666666667
0.0993333333333
0.0973333333333
0.105
0.136333333333
0.113
0.118666666667
0.101
0.158666666667
0.103666666667
0.121333333333
0.0963333333333
0.106666666667
0.0956666666667
0.238
0.132666666667
0.104666666667
0.155666666667
0.202666666667
0.118
0.0993333333333
0.155
0.196666666667
0.274666666667
0.0963333333333
0.113333333333
0.100666666667
0.136666666667
0.0973333333333
0.123333333333
0.098
0.117666666667
0.182666666667
0.0956666666667
0.118333333333
0.114
0.164
0.120333333333
0.137333333333
0.101333333333
0.0983333333333
0.305333333333
0.097
0.101
0.154
0.111
0.0933333333333
0.104666666667
0.0936666666667
0.125
0.176
0.113333333333
0.118333333333
0.102
0.11
0.0933333333333
0.114333333333
0.169333333333
0.107333333333
0.263666666667
0.0963333333333
0.145
0.127333333333
0.104
0.186333333333
0.143
0.212666666667
0.0966666666667
0.137
0.104
0.145333333333
0.101666666667
0.12
0.143
0.479333333333
0.143333333333
0.137666666667
0.0953333333333
0.124333333333
0.103333333333
0.130333333333
0.118
0.11
0.167333333333
0.109333333333
0.140333333333
0.0993333333333
0.106333333333
0.132666666667
0.127333333333
0.172666666667
0.126666666667
0.118333333333
0.113
0.167
0.111
0.117333333333
0.103333333333
0.103666666667
0.131
0.129666666667
0.107
0.189
0.131333333333
0.110666666667
0.148333333333
0.123
0.101
0.226666666667
0.0953333333333
0.0943333333333
0.114
0.114666666667
0.0956666666667
0.16
0.245333333333
0.250666666667
0.162666666667
0.0936666666667
0.097
0.113666666667
0.115666666667
0.106666666667
0.0963333333333
0.0936666666667
0.11
0.131666666667
0.103333333333
0.137333333333
0.103333333333
0.111666666667
0.155
0.111
0.132333333333
0.207333333333
0.135333333333
0.123333333333
0.0933333333333
0.136666666667
0.128333333333
0.11
0.143333333333
0.156
0.146
0.144666666667
0.102
0.135
0.308333333333
0.0926666666667
0.296333333333
0.127333333333
0.133666666667
0.105666666667
0.150666666667
0.165666666667
0.163333333333
0.113
0.103
0.149333333333
0.125333333333
0.208
0.094
0.170333333333
0.0936666666667
0.0953333333333
0.11
0.146333333333
0.103666666667
0.133666666667
0.283333333333
0.152
0.113333333333
0.113333333333
0.131666666667
0.197666666667
0.216
0.0936666666667
0.124333333333
0.141
0.126
0.094
0.322333333333
0.097
0.113
0.294
0.185
0.158
0.172333333333
0.0976666666667
0.105
0.168333333333
0.202333333333
0.0966666666667
0.153666666667
0.104
0.261666666667
0.157666666667
0.0963333333333
0.0963333333333
0.0956666666667
0.103
0.152333333333
0.232
0.103333333333
0.136333333333
0.121666666667
0.123
0.133
0.139
0.0996666666667
0.139333333333
0.111
0.0933333333333
0.15
0.136666666667
0.294666666667
0.193
0.186
0.117666666667
0.109666666667
0.0953333333333
0.1
0.0946666666667
0.0986666666667
0.105333333333
0.246
0.11
0.169666666667
0.184333333333
0.101666666667
0.144
0.112
0.161333333333
0.135666666667
0.177333333333
0.118666666667
0.269333333333
0.138
0.0986666666667
0.311333333333
0.192333333333
0.113333333333
0.156333333333
0.193
0.11
0.150333333333
0.178333333333
0.196
0.102333333333
0.109333333333
0.11
0.109
0.118
0.117666666667
0.121
0.186
0.097
0.100666666667
0.113666666667
0.0993333333333
0.0943333333333
0.0986666666667
0.122
0.102333333333
0.160666666667
0.096
0.206333333333
0.116
0.136
0.094
0.098
0.0943333333333
0.152333333333
0.159333333333
0.172
0.113
0.256
0.161
0.107666666667
0.159666666667
0.122333333333
0.119
0.254
0.100666666667
0.104666666667
0.097
0.215666666667
0.127333333333
0.279333333333
0.127666666667
0.130666666667
0.151666666667
0.104
0.139
0.095
0.158333333333
0.181
0.0936666666667
0.144
0.132666666667
0.104
0.0973333333333
0.103333333333
0.0976666666667
0.109
0.150333333333
0.117666666667
0.141666666667
0.132666666667
0.119
0.098
0.099
0.101
0.0983333333333
0.182
0.134333333333
0.128
0.179333333333
0.134666666667
0.114666666667
0.130666666667
0.103333333333
0.128333333333
0.113
0.0943333333333
0.095
0.125
0.111333333333
0.107333333333
0.103
0.0976666666667
0.096
0.160666666667
0.149
0.106666666667
0.106666666667
0.207333333333
0.0936666666667
0.114
0.166333333333
0.102666666667
0.160666666667
0.100666666667
0.105666666667
0.141666666667
0.141
0.0956666666667
0.123666666667
0.118333333333
0.0946666666667
0.097
0.123333333333
0.177666666667
0.093
0.095
0.0943333333333
0.189666666667
0.101666666667
0.228
0.201
0.143333333333
0.123666666667
0.15
0.121
0.143
0.137
0.155333333333
0.0936666666667
0.0983333333333
0.138333333333
0.102
0.158333333333
0.244333333333
0.278
0.113
0.133666666667
0.124666666667
0.136333333333
0.159666666667
0.0976666666667
0.137
0.104666666667
0.136
0.0933333333333
0.221
0.125333333333
0.146
0.0936666666667
0.116333333333
0.112666666667
0.112666666667
0.104
0.110333333333
0.288
0.137666666667
0.340333333333
0.122666666667
0.100333333333
0.215
0.0973333333333
0.110666666667
0.108666666667
0.094
0.0963333333333
0.098
0.109666666667
0.306
0.184666666667
0.0956666666667
0.108666666667
0.136666666667
0.117
0.094
0.114
0.117
0.099
0.113333333333
0.111666666667
0.33
0.153
0.106
0.117333333333
0.125666666667
0.133
0.0973333333333
0.135666666667
0.110666666667
0.125666666667
0.153
0.0933333333333
0.095
0.095
0.0933333333333
0.213666666667
0.179333333333
0.214
0.163
0.110666666667
0.148666666667
0.360333333333
0.122666666667
0.122666666667
0.207
0.101333333333
0.138333333333
0.121
0.0966666666667
0.102
0.0963333333333
0.0986666666667
0.178
0.186
0.176666666667
0.31
0.133666666667
0.125333333333
0.130333333333
0.102
0.116333333333
0.33
0.0953333333333
0.479333333333
0.0963333333333
0.0986666666667
0.144333333333
0.170333333333
0.134
0.099
0.16
0.0976666666667
0.099
0.114
0.099
0.101666666667
0.14
0.105
0.0933333333333
0.167666666667
0.098
0.0946666666667
0.124333333333
0.128
0.1
0.102666666667
0.101666666667
0.096
0.104333333333
0.141666666667
0.0963333333333
0.131333333333
0.12
0.166666666667
0.151333333333
0.138666666667
0.272333333333
0.102333333333
0.268666666667
0.221666666667
0.397
0.104666666667
0.123
0.0983333333333
0.317666666667
0.278
0.0956666666667
0.0963333333333
0.103333333333
0.107
0.0983333333333
0.142666666667
0.103666666667
0.11
0.129
0.113666666667
0.11
0.111333333333
0.153
