0.273
0.195
0.241
0.088
0.128
0.086
0.123
0.09
0.177
0.321
0.096
0.12
0.08
0.18
0.085
0.118
0.328
0.093
0.133
0.219
0.115
0.093
0.171
0.155
0.09
0.125
0.122
0.113
0.077
0.131
0.254
0.088
0.133
0.113
0.119
0.171
0.116
0.082
0.073
0.085
0.087
0.173
0.13
0.083
0.226
0.216
0.148
0.097
0.114
0.094
0.099
0.154
0.08
0.11
0.156
0.08
0.093
0.115
0.215
0.083
0.079
0.132
0.125
0.143
0.144
0.114
0.118
0.14
0.12
0.151
0.248
0.079
0.122
0.158
0.154
0.091
0.094
0.116
0.176
0.149
0.137
0.17
0.317
0.1
0.088
0.074
0.234
0.212
0.194
0.225
0.132
0.085
0.079
0.133
0.138
0.128
0.108
0.138
0.168
0.097
0.106
0.154
0.109
0.117
0.131
0.093
0.075
0.142
0.075
0.075
0.194
0.138
0.13
0.134
0.117
0.077
0.094
0.226
0.124
0.124
0.123
0.087
0.12
0.075
0.081
0.274
0.092
0.144
0.078
0.086
0.106
0.133
0.131
0.08
0.122
0.076
0.097
0.177
0.092
0.128
0.309
0.113
0.17
0.147
0.081
0.09
0.116
0.139
0.084
0.2
0.185
0.101
0.077
0.109
0.145
0.097
0.084
0.086
0.081
0.145
0.14
0.104
0.093
0.113
0.174
0.12
0.101
0.118
0.078
0.143
0.088
0.363
0.365
0.154
0.235
0.079
0.077
0.105
0.105
0.079
0.264
0.079
0.127
0.083
0.182
0.136
0.154
0.144
0.086
0.169
0.091
0.173
0.084
0.106
0.082
0.076
0.28
0.116
0.103
0.149
0.094
0.141
0.115
0.075
0.175
0.076
0.118
0.157
0.085
0.084
0.078
0.082
0.111
0.076
0.23
0.185
0.077
0.113
0.09
0.083
0.093
0.127
0.127
0.247
0.077
0.092
0.154
0.077
0.079
0.21
0.084
0.09
0.197
0.077
0.273
0.077
0.08
0.088
0.13
0.118
0.132
0.295
0.085
0.094
0.148
0.177
0.271
0.281
0.093
0.077
0.076
0.195
0.08
0.097
0.082
0.106
0.121
0.193
0.113
0.114
0.076
0.102
0.098
0.08
0.127
0.148
0.089
0.111
0.087
0.117
0.139
0.101
0.167
0.114
0.121
0.09
0.131
0.124
0.104
0.097
0.11
0.079
0.164
0.086
0.183
0.092
0.089
0.18
0.309
0.159
0.149
0.15
0.121
0.136
0.185
0.155
0.087
0.143
0.097
0.086
0.098
0.349
0.142
0.152
0.181
0.205
0.277
0.104
0.184
0.074
0.12
0.107
0.108
0.268
0.111
0.116
0.079
0.086
0.094
0.131
0.088
0.083
0.08
0.083
0.093
0.144
0.074
0.075
0.181
0.093
0.087
0.084
0.178
0.143
0.138
0.305
0.275
0.084
0.128
0.137
0.094
0.09
0.077
0.185
0.079
0.078
0.099
0.356
0.108
0.128
0.255
0.146
0.165
0.302
0.111
0.16
0.139
0.139
0.149
0.318
0.123
0.132
0.149
0.197
0.122
0.161
0.161
0.078
0.11
0.309
0.265
0.142
0.097
0.142
0.185
0.102
0.173
0.184
0.084
0.12
0.093
0.106
0.246
0.078
0.156
0.078
0.234
0.078
0.084
0.255
0.08
0.096
0.195
0.105
0.083
0.11
0.198
0.127
0.09
0.087
0.124
0.092
0.081
0.083
0.077
0.094
0.091
0.138
0.321
0.179
0.079
0.077
0.128
0.125
0.222
0.084
0.119
0.088
0.118
0.129
0.183
0.193
0.164
0.116
0.133
0.132
0.14
0.09
0.087
0.081
0.077
0.108
0.083
0.144
0.12
0.157
0.093
0.104
0.177
0.107
0.139
0.116
0.12
0.258
0.097
0.116
0.175
0.078
0.139
0.079
0.092
0.077
0.079
0.08
0.159
0.1
0.128
0.139
0.124
0.147
0.104
0.078
0.126
0.147
0.125
0.177
0.088
0.092
0.115
0.141
0.151
0.193
0.085
0.091
0.091
0.173
0.268
0.089
0.079
0.123
0.141
0.133
0.176
0.084
0.086
0.077
0.093
0.125
0.103
0.12
0.078
0.146
0.093
0.113
0.084
0.094
0.076
0.221
0.125
0.096
0.163
0.178
0.112
0.088
0.158
0.197
0.257
0.081
0.103
0.089
0.127
0.08
0.115
0.086
0.119
0.182
0.077
0.104
0.106
0.153
0.11
0.135
0.08
0.085
0.285
0.083
0.088
0.157
0.106
0.083
0.094
0.08
0.118
0.182
0.104
0.114
0.089
0.099
0.079
0.11
0.174
0.093
0.241
0.077
0.143
0.13
0.094
0.165
0.143
0.208
0.085
0.137
0.09
0.143
0.085
0.117
0.135
0.457
0.139
0.137
0.083
0.129
0.091
0.122
0.117
0.1
0.149
0.095
0.143
0.087
0.088
0.135
0.118
0.158
0.114
0.114
0.1
0.174
0.106
0.118
0.091
0.092
0.119
0.118
0.099
0.185
0.124
0.103
0.146
0.127
0.081
0.224
0.077
0.077
0.106
0.108
0.082
0.153
0.24
0.233
0.172
0.082
0.085
0.114
0.1
0.095
0.083
0.077
0.102
0.124
0.09
0.124
0.093
0.108
0.159
0.106
0.137
0.186
0.127
0.111
0.075
0.14
0.133
0.1
0.141
0.162
0.144
0.143
0.089
0.131
0.291
0.082
0.278
0.124
0.129
0.081
0.15
0.173
0.173
0.107
0.083
0.136
0.115
0.204
0.076
0.176
0.079
0.083
0.097
0.147
0.095
0.13
0.27
0.14
0.107
0.098
0.131
0.198
0.211
0.083
0.113
0.127
0.117
0.078
0.329
0.08
0.11
0.274
0.169
0.145
0.151
0.08
0.088
0.147
0.183
0.085
0.154
0.092
0.241
0.161
0.085
0.077
0.076
0.091
0.155
0.218
0.093
0.133
0.115
0.114
0.132
0.129
0.088
0.138
0.093
0.076
0.135
0.123
0.278
0.194
0.165
0.12
0.093
0.082
0.078
0.075
0.081
0.094
0.23
0.094
0.177
0.185
0.088
0.134
0.094
0.142
0.132
0.159
0.123
0.249
0.128
0.078
0.294
0.195
0.099
0.144
0.173
0.102
0.149
0.161
0.178
0.09
0.095
0.097
0.096
0.11
0.12
0.115
0.186
0.084
0.084
0.103
0.085
0.079
0.078
0.112
0.092
0.163
0.084
0.189
0.114
0.125
0.081
0.079
0.083
0.139
0.166
0.178
0.104
0.24
0.167
0.096
0.164
0.115
0.104
0.235
0.088
0.096
0.083
0.216
0.115
0.275
0.13
0.126
0.15
0.094
0.135
0.077
0.164
0.184
0.079
0.133
0.126
0.091
0.087
0.091
0.08
0.102
0.148
0.116
0.143
0.132
0.112
0.084
0.087
0.087
0.077
0.184
0.124
0.13
0.182
0.131
0.114
0.118
0.092
0.119
0.104
0.075
0.079
0.125
0.105
0.091
0.092
0.088
0.083
0.167
0.144
0.094
0.094
0.204
0.077
0.11
0.173
0.09
0.167
0.089
0.096
0.133
0.133
0.075
0.122
0.112
0.083
0.084
0.126
0.156
0.08
0.075
0.082
0.189
0.087
0.216
0.2
0.141
0.124
0.151
0.126
0.143
0.141
0.143
0.08
0.077
0.142
0.091
0.145
0.229
0.279
0.103
0.127
0.127
0.134
0.167
0.084
0.124
0.092
0.124
0.084
0.208
0.116
0.144
0.079
0.112
0.104
0.104
0.093
0.099
0.267
0.141
0.327
0.106
0.091
0.201
0.08
0.099
0.101
0.077
0.084
0.086
0.094
0.29
0.184
0.083
0.093
0.124
0.115
0.08
0.107
0.115
0.087
0.105
0.103
0.316
0.152
0.088
0.111
0.122
0.12
0.084
0.134
0.101
0.122
0.152
0.08
0.084
0.076
0.079
0.203
0.183
0.201
0.156
0.097
0.146
0.354
0.129
0.109
0.186
0.087
0.133
0.127
0.075
0.089
0.077
0.087
0.181
0.183
0.153
0.318
0.134
0.115
0.127
0.092
0.119
0.321
0.076
0.455
0.078
0.088
0.144
0.154
0.131
0.085
0.163
0.076
0.079
0.105
0.088
0.09
0.138
0.092
0.084
0.176
0.084
0.084
0.114
0.116
0.09
0.092
0.091
0.083
0.09
0.126
0.084
0.12
0.112
0.152
0.138
0.14
0.276
0.091
0.25
0.207
0.381
0.092
0.118
0.084
0.307
0.263
0.076
0.078
0.091
0.084
0.081
0.141
0.092
0.106
0.119
0.105
0.096
0.1
0.152
